
1 1.0424576421000344 1.1199825623905781
2 0.9124679633363486 1.104134993766733
3 0.826121105157755 1.0977656319076325
4 0.7531846316101642 1.0944698807036122
5 0.6911308794427689 1.086152591629641
6 0.635586441660834 1.058328536917713
7 0.5863930843660974 1.0292201733500106
8 0.5437860944343244 0.9993788210104221
9 0.506557284293634 0.9649912024791609
10 0.47437610588678375 0.9250567264223706
11 0.4460829096227837 0.8809707700921596
12 0.42111777445822274 0.8363189738409731
13 0.39904114277275704 0.7932426051614305
14 0.379477114577928 0.7520526095450953
15 0.3620259951278114 0.712782468134315
16 0.3463353638237553 0.6756094966925074
17 0.33216590685830144 0.6416965041680099
18 0.3191622525666999 0.6090330189909532
19 0.30704716696848583 0.576674979789171
20 0.29555462485862166 0.5392220387590533
21 0.2836934927856705 0.4959589490269529
22 0.27181065395651066 0.46612556614734707
23 0.2618470572933429 0.44594104947557006
24 0.25290768278308495 0.42885853835179466
25 0.2448015067358761 0.41582605459629873
26 0.23744949192743864 0.4061128436944582
27 0.23077901669825843 0.3993462137081998
28 0.22470065192899458 0.3947896314778282
29 0.21918021132258164 0.3919682034681938
30 0.21416303055621408 0.39043481551621206
31 0.2096022495183413 0.3897521606394075
32 0.205463878962522 0.3897335912474321
33 0.2017027480464362 0.3900131609469183
34 0.19828585529930437 0.3906005885062298
35 0.19518136106302192 0.3912500315705679
36 0.1923589756156704 0.3918767418058264
37 0.18978829904335667 0.3922697481927636
38 0.18744439023051798 0.3925359514781594
39 0.1853009740992614 0.3925844576614184
40 0.18333338280342343 0.3923968796931355
41 0.1815238816677748 0.3923952247353963
42 0.1798588200662424 0.3922009355542637
43 0.17832662439505667 0.3916195349446902
44 0.176907510406147 0.3908239260780263
45 0.1755918101938277 0.38997864922386155
46 0.17436489867229818 0.3892277468220343
47 0.17321852255843045 0.3883385908525735
48 0.17213883037777192 0.3873834173534526
49 0.17112951426150247 0.3862773997378767
50 0.17017913279805788 0.3848250787288841
51 0.169279966321464 0.38338641148737834
52 0.16842911435120556 0.3818547847242921
53 0.1676211925907658 0.38021794723264113
54 0.16685143111828066 0.3785142822407462
55 0.1661173707476563 0.37685069070673344
56 0.1654180640113346 0.37522242917750714
57 0.16474873502850323 0.3735800289582968
58 0.16410620469408432 0.37160026582595496
59 0.16349149163824592 0.36947461807961784
60 0.16290500719776205 0.3671736950252648
61 0.16233822632642736 0.364620049220465
62 0.16179004169590744 0.36200797738552587
63 0.16126210270048214 0.3594408064459551
64 0.16075425069293445 0.3568816476306821
65 0.1602701403436793 0.3542928064691229
66 0.15980321868682307 0.3515721798531351
67 0.15935358769618288 0.3488997602488947
68 0.15891821585796204 0.3462325085225582
69 0.15849959640108308 0.3434553800600807
70 0.15809269854952124 0.340533665937628
71 0.15769633069442687 0.3376778104349001
72 0.15730657701124176 0.33475178158147917
73 0.1569232153927553 0.33162289711103454
74 0.1565504957552684 0.3286659742761263
75 0.1561922805804038 0.32554941137151844
76 0.15584741803800778 0.32221802781325726
77 0.15551437016415412 0.31902951266420726
78 0.1551941898469538 0.31579508565366066
79 0.15488012118793965 0.31246195089826095
80 0.1545767789324463 0.3094205718738765
81 0.15428745447531275 0.3063455631603673
82 0.15401207446891987 0.3032859137558935
83 0.1537466064546207 0.30023987186198564
84 0.15348904976113556 0.2972997903502813
85 0.1532384818124269 0.2944052736663471
86 0.1529964925389677 0.29167018753101775
87 0.15276193476618116 0.28905446526177236
88 0.15253453790880545 0.2864099307942727
89 0.1523127704020558 0.2837740993604619
90 0.1520933173360206 0.2810591145511079
91 0.15187606181816304 0.2784396331944833
92 0.15165880273360122 0.2758266357367304
93 0.15144287843354218 0.2731929535162006
94 0.15123467380160113 0.2704210895614342
95 0.15103224345133215 0.26800598825750127
96 0.1508343369515994 0.2654781573099866
97 0.15063891669720292 0.2631682625032393
98 0.1504452385998339 0.2609379980038859
99 0.15025505164959654 0.2586460166368205
100 0.15006798513682584 0.2564630313495697
101 0.1498841313063262 0.254146966003555
102 0.1497029928965781 0.25185238215652456
103 0.14952423148341404 0.24948848940197055
104 0.14934629540087538 0.24730311208421268
105 0.14917137835964875 0.24511628749475456
106 0.1489987493473175 0.24302283210881181
107 0.14882864717242095 0.24083101535615803
108 0.14866313274015952 0.23869457610363173
109 0.14850049185727976 0.23661368545074565
110 0.14834079197649142 0.23457215952218888
111 0.14818399390032277 0.23252621701170625
112 0.1480287387883485 0.23035419175207278
113 0.14787289742636517 0.22801508942234117
114 0.14771846693744525 0.22593523520910208
115 0.14756631609199047 0.2239019698854296
116 0.14741676494740677 0.2217861026501907
117 0.14727044165250675 0.2198603021453477
118 0.14712609842850616 0.21794210050257634
119 0.1469840706952479 0.21598264623960187
120 0.1468442187379524 0.2141168603231887
121 0.14670694785025537 0.212414733603207
122 0.14657297939671524 0.21071334444892376
123 0.14644213679017287 0.20910471901248487
124 0.1463130442788992 0.20736771109364238
125 0.14618640143042766 0.2058402570483196
126 0.1460623492231349 0.2043446002444526
127 0.14593994812466451 0.20281490839386626
128 0.14581923246550627 0.2013158750314562
129 0.14570020359939864 0.1998790925141079
130 0.14558158895485415 0.19846789887166177
131 0.1454649014580215 0.19714747679413075
132 0.14533315551890325 0.19542907970867085
133 0.14520743638111433 0.19438732042981335
134 0.1450826470407822 0.19263178457006183
135 0.14496039017402187 0.1913581654720103
136 0.14484249437020016 0.19012810146303874
137 0.14472702123213038 0.18874993634822748
138 0.14461196737800294 0.18758154467682717
139 0.14450011876464613 0.1863614973373887
140 0.14438944293219552 0.1851808324391115
141 0.14428131449520049 0.18391087014900462
142 0.14417480153828469 0.18275733476708517
143 0.14406896933890193 0.1815941175221215
144 0.14396214158631196 0.1805042617143556
145 0.1438542153727305 0.17924787862142236
146 0.14374534576903703 0.17806162217217616
147 0.14363891262677486 0.1769510914501233
148 0.14353470209205366 0.17594110732289478
149 0.14343244518516426 0.17501997466325425
150 0.14333248080133815 0.17411985643220493
151 0.14323394999422306 0.1733429732725928
152 0.14313551288565768 0.17221271031714608
153 0.14303791266999985 0.17157580883764806
154 0.14294236326947532 0.17075089188857986
155 0.14284842089002706 0.16993631621255018
156 0.14275515266522046 0.16915581370106508
157 0.14266274175582905 0.1685117003270151
158 0.1425713668664657 0.1678716344707153
159 0.14248053176301198 0.16717201594124909
160 0.14238954491386116 0.16650295237828133
161 0.14229803293195883 0.1658773371883554
162 0.14220354751087036 0.16531054975598233
163 0.1421067113014128 0.16482562132059514
164 0.14201279422412713 0.16427025394191866
165 0.14191931806437993 0.16371874522924618
166 0.14182758748954158 0.1631174229960471
167 0.14173556115576075 0.16258138293881005
168 0.14164328635358464 0.1620218268743179
169 0.14155437892876638 0.161480695520029
170 0.1414682753702414 0.1608125868181675
171 0.1413804402307121 0.16004182804417913
172 0.14129147689464056 0.15942059229433217
173 0.14120551652338034 0.15900576480391626
174 0.1411216431009473 0.15857489128448024
175 0.14103491489328923 0.1579098239852668
176 0.14095130551033289 0.15734636894330625
177 0.14086945277488916 0.156845286128113
178 0.140789150280961 0.15623220927861275
179 0.1407094975654994 0.15579492297699526
180 0.14062978108926233 0.1554183414331003
181 0.14055053134592374 0.15505514766545975
182 0.14047387210632872 0.1546975756090407
183 0.14039899478120665 0.1544202986203641
184 0.14032433817461817 0.15407032651696664
185 0.14024942697815024 0.15382037078908387
186 0.14017617631903165 0.15344901024423802
187 0.1401060803367438 0.1531331230035395
188 0.14003758394531268 0.15282088361062057
189 0.13997032461596415 0.15245812717989787
190 0.13990456263393425 0.15216595797616692
191 0.13983917255979622 0.15185990198192648
192 0.13977370086723984 0.15150038969338356
193 0.1397092988209382 0.15119181134377455
194 0.13964625109691287 0.15089337096879588
195 0.13958390622016742 0.1505700416600252
196 0.1395223008334826 0.15021498320087015
197 0.13946173771807924 0.14984161290812584
198 0.13940219803833914 0.1494230032283236
199 0.13934338193309734 0.14906665985815803
200 0.1392850844768696 0.14870719178962277