1 1.149988702327595 1.3292634085099215
2 1.0003467057028326 1.2629163675500918
3 0.9008954351562121 1.2392376499672886
4 0.8331028889165696 1.2319064305752268
5 0.7819413593122322 1.2224048855035938
6 0.738271908759757 1.2040935239350685
7 0.6989107127978909 1.177028696913748
8 0.6625550920604235 1.1412923733709497
9 0.6280690087353359 1.1020016535765353
10 0.5951354298339216 1.0618512588482547
11 0.5642216706795335 1.020457454631718
12 0.535338747153719 0.9758793636925408
13 0.5085229673803574 0.9295171242397449
14 0.48377303306507496 0.8854641498163881
15 0.4609108259538419 0.8415945214320929
16 0.43982802118277103 0.7979860931470285
17 0.4202837837987698 0.7562209400878257
18 0.40192875380793497 0.7162375091506197
19 0.3846157837345556 0.6776542556931463
20 0.3684260234334616 0.6415485352101505
21 0.3533046198695128 0.6081660329990454
22 0.3393987987096496 0.5777293403753706
23 0.3266943726254721 0.5507657762172214
24 0.31500861110321227 0.5260703465962868
25 0.30427794232919364 0.5040793345130147
26 0.2944268762149234 0.48405085229618383
27 0.2853668207649968 0.4664727909863009
28 0.2769925889996137 0.4508210775420144
29 0.2692236345723437 0.43697065075998975
30 0.26203723452052313 0.4244154828496304
31 0.25538654844273323 0.4137651945147088
32 0.249227114692857 0.40451371619327176
33 0.24351985887049216 0.39674570200676224
34 0.23824618815509324 0.3901856751869898
35 0.23336545267170944 0.38470822354679995
36 0.22884172742416625 0.38017078682092637
37 0.2246439552026975 0.376445737160537
38 0.22074929572012997 0.3733808306018937
39 0.2171317867316912 0.3709004609761395
40 0.21376884837287424 0.36879948419229325
41 0.21064193346972135 0.36701240097872356
42 0.20773559400905742 0.36547037631676027
43 0.2050332179586714 0.36414136639530065
44 0.20251829292219775 0.36293748502340434
45 0.20017653474659033 0.3617756716021465
46 0.19799283553686797 0.3607481037689813
47 0.19595711707688138 0.3596263676917646
48 0.19405560508430206 0.35849673581196567
49 0.19227542891769264 0.35749123798932925
50 0.19061189332485892 0.35640636575597406
51 0.1890508236195776 0.3555666936990128
52 0.18758584975485584 0.3544325223870931
53 0.1862129270196072 0.35346928925978527
54 0.1849280489620574 0.3524739379252618
55 0.18372444555391546 0.3515416713363121
56 0.18259556938425012 0.35072724955391593
57 0.181535166475016 0.34988247382035165
58 0.18053716995987867 0.34920424659587246
59 0.17959536976299872 0.34845550917342155
60 0.17870240239323065 0.3477615892828153
61 0.17785444453216623 0.34699218388879394
62 0.17704854609352122 0.3461989160234733
63 0.17628585080709722 0.3452837804223865
64 0.1755634454028708 0.34443078977871067
65 0.17487313814329647 0.3435243817359966
66 0.17421039665726828 0.34233524428222195
67 0.17356656550230365 0.3413008574786261
68 0.17293050145372177 0.34011918010330644
69 0.17227672811774575 0.33850299116778326
70 0.17165002289054918 0.3370462164779269
71 0.1710347608447882 0.3355392296011787
72 0.1704503986697121 0.3340714138764367
73 0.1698935781707098 0.332776003583969
74 0.16936558189249187 0.3315589479756752
75 0.16886115042405647 0.3304439462125792
76 0.16836834991296712 0.32927352056563136
77 0.1678837826662354 0.3279902007327761
78 0.16741537783710458 0.3265361399757956
79 0.16696574466836767 0.32513157798914527
80 0.1665380686753107 0.32379677961795245
81 0.16613212973064836 0.32262581209995883
82 0.16574533601991912 0.32162958952359133
83 0.16537152642249173 0.3206179105103614
84 0.16501256895462582 0.31960087497078304
85 0.16466676904029023 0.31849729687801537
86 0.16433301863282923 0.31748008269562583
87 0.16401093336801018 0.3164303404231278
88 0.16369383726279674 0.31528679480682376
89 0.1633814016084979 0.31405415991245944
90 0.16307445251618002 0.31280053472447106
91 0.16277635616606956 0.3115653113615692
92 0.16248324953829188 0.31019927346556875
93 0.16219511734525704 0.3088311154433216
94 0.1619141058902431 0.30743886169219875
95 0.16164062440453467 0.3061016993792597
96 0.1613746196779588 0.3047578275492199
97 0.1611137874492754 0.30342777527567294
98 0.16085667521079527 0.30199156265293636
99 0.16060012042963667 0.30051728352460844
100 0.16034486296158856 0.2990162181679143
101 0.16008884432440268 0.2974969013885839
102 0.15982835743822113 0.2959638242326807
103 0.1595636494243637 0.2944047401200706
104 0.15929425676928036 0.2927404773614279
105 0.1590231660389084 0.2909323810602612
106 0.158746048001457 0.2890479642233915
107 0.15846161499474534 0.28704587074216126
108 0.1581771708337146 0.28522582875827557
109 0.15789305700098802 0.28370850477710774
110 0.15761053303516104 0.2824716679153593
111 0.15734257008237515 0.281619768252882
112 0.15708527262748004 0.2810178216475147
113 0.15683341654615082 0.28067203216347875
114 0.15658581770593794 0.2804219422011449
115 0.15634237791528996 0.28024676375386903
116 0.15611157131203285 0.2800024542591232
117 0.15589074306216963 0.2797603243020999
118 0.15567723096883346 0.2795012169818594
119 0.15546766743178153 0.2792920838279534
120 0.15526137069662266 0.2790309966140805
121 0.1550568824209703 0.2787915490725357
122 0.15485471015277813 0.27859655890655893
123 0.15464988487441883 0.27827720058159744
124 0.15444424117815975 0.2780141457709331
125 0.15424065681555565 0.277825006577975
126 0.15403754482153684 0.27767382451105105
127 0.15383157502891573 0.2775132480269124
128 0.1536261112207703 0.27750354526549603
129 0.15341966825492015 0.2775756960660674
130 0.15321555648046972 0.27773182824225917
131 0.15301122081107743 0.27790263382048175
132 0.15280566837331847 0.2781052117977803
133 0.1526019866412288 0.2784995713803533
134 0.1523996354868116 0.2788622170359104
135 0.1521989919684855 0.2792214575446324
136 0.15200099491181585 0.2795470127580991
137 0.15180609566859843 0.2799053795374707
138 0.1516127648318984 0.28024349737834364
139 0.15142077677692364 0.28061509192987905
140 0.151230331977475 0.28111740489769194
141 0.15104065863025887 0.2815674169942259
142 0.15085108329886368 0.28189923838008407
143 0.15065966291097252 0.2822543180332961
144 0.15046925203885309 0.2827234699147265
145 0.15027842664028 0.28327753792848187
146 0.150088152789171 0.2838322129728415
147 0.14990021685908486 0.2845029925056877
148 0.14971625376443784 0.2849626434197628
149 0.14953296593130694 0.2851993706105117
150 0.14934910893030268 0.2848327437256985
151 0.1491641085654732 0.28530301554477144
152 0.14897838146055162 0.2854135664238103
153 0.14879277103006386 0.28557378184921856
154 0.1486045122225523 0.28589211557899835
155 0.14840095346203525 0.28634544701142095
156 0.14815342924836036 0.2879792158790216
157 0.1478848277473414 0.28880059399669844
158 0.14758349114709363 0.2890363920786332
159 0.14726461718413555 0.2879772719273854
160 0.1469347497701783 0.2864788809744231
161 0.1466053058508075 0.2846913998349627
162 0.14628099498613048 0.28289316187205316
163 0.14596468628672848 0.28112377045351167
164 0.14566017961158526 0.2794568582488413
165 0.1453666995367581 0.2778127988243573
166 0.1450847405095649 0.27635625506851286
167 0.14481344885989342 0.27486979319224236
168 0.14455048351333946 0.27348796629747785
169 0.14429349962906415 0.2722914807863503
170 0.14403870927413728 0.27105901292886797
171 0.14378655699617712 0.2700619999384014
172 0.14353385590336581 0.26893052536559703
173 0.14327822889283023 0.2678674631223161
174 0.1430277376922424 0.26676799759866865
175 0.14278302822326222 0.2654079458070377
176 0.1425415575255737 0.26411767733141
177 0.14230413139120238 0.2626694383422617
178 0.14207323885114395 0.2613662968329325
179 0.14184698635283247 0.26012831505853684
180 0.14162292302843102 0.2588725043834291
181 0.14140118960794013 0.2573754950039171
182 0.14118218543002825 0.25593397217609215
183 0.14096899844854635 0.254748306174962
184 0.1407612985075687 0.2535551553385566
185 0.14055896271452054 0.2521651231815782
186 0.1403625880572785 0.2506912857271187
187 0.14017131739193076 0.24921133380676488
188 0.1399842818809703 0.24790888894912383
189 0.1398010762817794 0.2465130915931262
190 0.13962153551778825 0.24539059476194555
191 0.13944328239556464 0.24425434702243579
192 0.13926519159360393 0.24313106803270151
193 0.1390897180633081 0.24191987169380236
194 0.13891946646789488 0.24076061662160497
195 0.13875263364715584 0.23953389810775458
196 0.13858945690221247 0.23836860766091
197 0.13842873306712067 0.23727211424077116
198 0.13827083041086177 0.23625501584709843
199 0.13811420628219073 0.23514505132400623
200 0.13796004772540196 0.23414757640468564
201 0.13780769531166565 0.23304907987379986
202 0.1376570688888462 0.23200335179165435
203 0.1375096933145699 0.23095216476005467
204 0.13736460036367396 0.22990524828129313
205 0.13722137319371977 0.22888535738114743
206 0.1370793529232537 0.22788908689984672
207 0.13693936844494975 0.22684334738283662
208 0.1368004794019325 0.22584872759520727
209 0.13666169392557828 0.22484249932730357
210 0.13652043291276306 0.22387747367761904
211 0.13637545299456016 0.22283735321100476
212 0.13623405239069603 0.22195477934432173
213 0.13609539789936562 0.22095450564665192
214 0.13595612772688148 0.2200795827396035
215 0.135816113297475 0.21918703292335942
216 0.1356778870970643 0.21827721519622809
217 0.13553950011612148 0.21738483562283561
218 0.13540335510636078 0.21634839982360274
219 0.13526840802798457 0.21532944132444665
220 0.13513700892979977 0.21447673873914191
221 0.13500749759599653 0.21353349869279062
222 0.13487980131635072 0.21255614265361458
223 0.134753066969607 0.21160283680577227
224 0.13462778211521392 0.2105958548839212
225 0.13450368679303762 0.2096003586776913
226 0.13438030699714396 0.20871446785635367
227 0.13425800447445987 0.2077179528771883
228 0.13413663246294552 0.2068401161146147
229 0.13401547990378487 0.2058840263098357
230 0.1338957238712352 0.20493011985984394
231 0.13377689466246012 0.20392233526376646
232 0.13365996872721264 0.203106013104755
233 0.13354341957723298 0.20218382102969265
234 0.13342777285350702 0.20125417384742664
235 0.13331303623506177 0.2002955590289279
236 0.13319929963809274 0.19939892342862078
237 0.13308696477427234 0.1985049498323375
238 0.13297558771034587 0.1976740093086395
239 0.13286502831936986 0.19689282594495797
240 0.13275544035216338 0.1961330831679706
241 0.13264692078216314 0.19538726203659804
242 0.1325388445966639 0.19459109052523885
243 0.1324315051775011 0.19389941266838953
244 0.1323252643065638 0.19320727761577933
245 0.1322198540615963 0.19260912598538066
246 0.13211515146771646 0.19197736189489406
247 0.13201105948028397 0.19135544922406383
248 0.13190824230595025 0.19073040200778288
249 0.13180639164839467 0.19016248636929545
250 0.1317054853561341 0.18962521342249974
251 0.13160515085339408 0.18913896926384136
252 0.13150530277796754 0.18873519782728654
253 0.13140595473065456 0.18820812619700308
254 0.13130682439829844 0.18774477130380254
255 0.13120850909955292 0.18727169333855012
256 0.1311109894368625 0.18688294319164062
257 0.13101384637278274 0.18642425067946175
258 0.13091670185397775 0.18598287401176555
259 0.13082013607122195 0.1854808637769115
260 0.13072446472799937 0.18515841757660542
261 0.13062940826640648 0.18479830885175802
262 0.13053427458774755 0.1843553619211454
263 0.1304401993331906 0.18399821743312664
264 0.13034692999308006 0.18371916823761264
265 0.13025446543506175 0.18340182344678066
266 0.1301629896207258 0.18307707691064035
267 0.1300718108131931 0.18280119952126425
268 0.12998139664983221 0.18255790998769295
269 0.12989179350290408 0.18234043039193287
270 0.12980290608543177 0.18206696813019085
271 0.1297150380546465 0.18180834298588192
272 0.12962780836668333 0.18153786453193652
273 0.12954123203277457 0.18124559748951918
274 0.12945487382107831 0.1809629035632898
275 0.1293691685009824 0.18067651723022551
276 0.12928407672937506 0.18043986603179998
277 0.1291994195232554 0.1801485540076829
278 0.1291156727526418 0.17986642000042985
279 0.1290330252324112 0.1796504460022756
280 0.12895106023859473 0.17946311525430877
281 0.1288695264170884 0.1792138353837268
282 0.12878833882158416 0.17901349453320736
283 0.1287072058079085 0.17872854009404593
284 0.1286262065337647 0.17847557053909135
285 0.12854552955673762 0.17822680368850038
286 0.1284656961515272 0.1780466057983507
287 0.12838673548834664 0.17780470490914357
288 0.1283084440625676 0.17758331064713528
289 0.12823083779781028 0.17743906798527487
290 0.128153992792525 0.17723014155403302
291 0.1280776970123156 0.17701647482987898
292 0.12800185258081895 0.1767151988036153
293 0.12792659973405698 0.17651310134933132
294 0.1278515008570432 0.17616496322665462
295 0.12777675297428465 0.17589383459084212
296 0.12770239592035187 0.17588938872454518
297 0.12762830187032506 0.1756414561234774
298 0.12755424784574723 0.1754907248530478
299 0.12748004126632884 0.17547668318635923
300 0.12740541477016656 0.17538061811211658
301 0.12733018900195356 0.17535377352901607
302 0.12725570477410164 0.17517084750493128
303 0.1271771373090483 0.17502956019535357
304 0.12710237345426062 0.17479527240430517
305 0.12702885422712692 0.1745945273757717
306 0.1269563899730001 0.1743850532599591
307 0.1268853547258215 0.1741840580650391
308 0.12681503371099057 0.1740348512171895
309 0.12674489660968624 0.17398342627235822
310 0.12667522904833914 0.17381633255191703
311 0.1266064058418229 0.1736893560615403
312 0.12653821242285077 0.17358900189372362
313 0.12647022541709468 0.17342940268329243
314 0.12640222748394278 0.17325869904431832
315 0.12633527293741853 0.17314367870839398
316 0.12627145400647252 0.17319716042348152
317 0.12620926605698887 0.1732173205995631
318 0.1261474323270174 0.17331365053138406
319 0.12608691058525223 0.1732668089928902
320 0.1260273411214409 0.17334812371275976
321 0.1259681000721752 0.17335364196603892
322 0.12590961003985937 0.1733996811799101
323 0.1258502432647275 0.17336550741217857
324 0.125787738622648 0.1733273437353187
325 0.1257276245154325 0.17328619492477354
326 0.12566883663785974 0.1733375792256423
327 0.1256111208453969 0.17343348848987045
328 0.12555433480076877 0.17344640794440616
329 0.12549819514591734 0.17347095693633918
330 0.12544283425636277 0.1734649540544462
331 0.1253880069750596 0.173510467429949
332 0.12533400713161108 0.1735418384596934
333 0.1252812696188655 0.17350989189401245
334 0.12522902384948587 0.17354591455092985
335 0.12517738706305004 0.1735892585507537
336 0.1251266442517267 0.1735345274991821
337 0.12507602651497896 0.17353530274016668
338 0.12502580504942482 0.1735562776931688
339 0.12497501852199086 0.17345312008283098
340 0.12492513065763398 0.17333543141020838
341 0.12487603036793016 0.1734396961122693
342 0.12482780370051685 0.17346344914154757
343 0.12477912338296335 0.173500425710733
344 0.12472981123039234 0.1734687230497557
345 0.12468126695469087 0.17354884267648568
346 0.12463240593397315 0.17367562287957825
347 0.12458218891533258 0.1734053938288572
348 0.12453245061007309 0.17329455357538814
349 0.12448139118811813 0.17332466501397897
350 0.1244308506003607 0.17349833313769397