1 1.2032244170039987 0.5874119494555294
2 1.0487833535300592 0.5000721037528825
3 0.9367923736327177 0.4405730783383699
4 0.8353093668921767 0.39665775078787047
5 0.7296842638008252 0.35583933397632195
6 0.6198339632812081 0.3184977878947439
7 0.5148392293446187 0.2924880059379734
8 0.4199678899966764 0.2734813980597827
9 0.3360951412317243 0.2639237621055972
10 0.2542409864708071 0.23948125704713027
11 0.17493658530729075 0.21224852448757064
12 0.11638498229963765 0.19191384926520672
13 0.08795264478615468 0.18597148818287731
14 0.07145379551213145 0.1719595113462496
15 0.059303400490817434 0.1554584713749749
16 0.05085315934808975 0.14294343537077955
17 0.04475230882822708 0.13342220324900297
18 0.04038499706414538 0.125299234036446
19 0.03728530280139332 0.1183711790986357
20 0.03504293523935205 0.11314433649916988
21 0.03341615912280855 0.10957831172102944
22 0.03214746371328259 0.10658915154582663
23 0.031105976098022025 0.10425312548004384
24 0.0301965235155763 0.10220503114635392
25 0.0293556339089091 0.10049562365476548
26 0.02856150200478046 0.09919026627917617
27 0.027770199979496323 0.09807036575573364
28 0.02698239454180606 0.09741133024834304
29 0.026163854866226893 0.09690564735834145
30 0.02528764038580396 0.0965566802291189
31 0.024292471586271017 0.09627915236020453
32 0.023338041707091847 0.09598532294624003
33 0.022496966402925842 0.09541887427456973
34 0.02179142459111595 0.09476544694639606
35 0.02120040467094246 0.09421338130889248
36 0.02067863936903432 0.09371068216638524
37 0.020191007340030067 0.09329926934166345
38 0.019728154136549856 0.09285373387917968
39 0.019282517250086586 0.09249873470960975
40 0.01885033814859247 0.09202179577529139
41 0.018427730933071432 0.09157829283789015
42 0.018014997113985486 0.0909666445272761
43 0.01761172016035614 0.09049409064372362
44 0.017216122283793593 0.09003895947009859
45 0.016830089045547805 0.08970242751836469
46 0.016454384442876998 0.08944227778309975
47 0.01609085185754181 0.08922391550752752
48 0.015737887895911386 0.08910660285733053
49 0.015396075980368514 0.08902755671132093
50 0.015064538165768599 0.08892645114528781
51 0.014745532869114996 0.08882211214996051
52 0.014436334062023166 0.08867700950428824
53 0.01413574619566646 0.08845108686693752
54 0.013841096786304312 0.08827450928042757
55 0.013554420656500749 0.08793858021088923
56 0.013273397788095822 0.08753957084558452
57 0.013009082191277225 0.08705799507026428
58 0.012760063342902394 0.08636896617998512
59 0.012520608803283744 0.08572502428930955
60 0.012291038606271978 0.0848669160232131
61 0.012069203320080258 0.08403886450408679
62 0.011856307793170255 0.08315774331516483
63 0.011650705935578765 0.08222631102897061
64 0.011452018709225234 0.08129958686862714
65 0.01126058611986529 0.08041599201248603
66 0.011043438766052441 0.07937730525635803
67 0.010861352426043231 0.07839135076057349
68 0.010686239975885095 0.07750332349027587
69 0.010515993652004363 0.07638124302869873
70 0.010349773790335203 0.07535878546924737
71 0.01018567784147911 0.07430217185557694
72 0.010022887490134018 0.07327597786756032
73 0.009861204226730851 0.07219185606329045
74 0.009699888303275096 0.07109922830008585
75 0.009538168236560517 0.06994473515512539
76 0.009377520267931769 0.06893846032940973
77 0.009218733033556126 0.06799343423104738
78 0.009062663482061592 0.06709746958316462
79 0.00890970182117347 0.0661896228832519
80 0.0087598984946676 0.06526580235975295
81 0.008613678061312219 0.06432474491898241
82 0.008471216126450626 0.06335892998516822
83 0.00833276566869534 0.062347541403857835
84 0.00819879723186365 0.06122438053509831
85 0.008064887131983837 0.05994141371076982
86 0.007935697361074441 0.0587345928312508
87 0.0078111409118880116 0.057460690251815
88 0.007687587878970587 0.055990856952175365
89 0.007563718070192546 0.05469708563883153
90 0.007449214411888493 0.05359801564567416
91 0.007340288581303815 0.05238432604934486
92 0.007235951399945024 0.05125072653046036
93 0.007135272931097215 0.05009025738735208
94 0.007038464067062361 0.048977594166031854
95 0.006945167211761407 0.04787921809449557
96 0.006854863380663997 0.046842378478044476
97 0.006766819366432615 0.04574769276508142
98 0.00668098147115467 0.04474201478046032
99 0.006597316599379978 0.04375776771781982
100 0.006515110006497555 0.042800757127539064
101 0.006434997716899153 0.0419001426241642
102 0.006357147635757502 0.04101005950655404
103 0.006281677354464038 0.04015524555086238
104 0.006208461530019142 0.03938677572350578
105 0.006137114187292003 0.0387499366937945
106 0.006068032862678566 0.038243350864211045
107 0.006002850739927523 0.03763419104560046
108 0.005940743113918637 0.03685421376458021
109 0.005880965950210663 0.03608625489019453
110 0.005822233650443447 0.0353669001912415
111 0.005765226642626399 0.03466275099107199
112 0.005710305023938684 0.03397149952456592
113 0.005656995710853792 0.033349622520402064
114 0.005605148072733508 0.03275675583460098
115 0.005554646000438325 0.03212770244569999
116 0.005505233821954508 0.03133992105330216
117 0.005457088204513178 0.03081521700096263
118 0.005408971873940841 0.030281625109207348
119 0.00536155246161748 0.02977899159595269
120 0.005316217236990466 0.029247646671389703
121 0.00527317722274073 0.028700128765251624
122 0.005231535439752642 0.028154739301428117
123 0.005190749841215755 0.027632903176942093
124 0.005151000568477037 0.02709233945189094
125 0.00511213255013 0.026610773631227054
126 0.005074034137243311 0.026154119880904454
127 0.005036351185702381 0.025709933607123644
128 0.004998992274800371 0.02535216582974402
129 0.004962143756305274 0.024999224687499034
130 0.00492606208088642 0.024609924413010145
131 0.0048909406461898125 0.024131866561326872
132 0.004856810002620825 0.023704917089671023
133 0.0048234318675228925 0.023305867939548624
134 0.004790897232295576 0.022911740160641163
135 0.0047592368042219295 0.022530401661215248
136 0.004728442284662339 0.02216742281655757
137 0.0046984399221473155 0.021846633242329917
138 0.004669319921236601 0.02151322450500842
139 0.004640885171918907 0.02120840992114706
140 0.004612928240391317 0.020917103100936217
141 0.004585470983437215 0.02063596192644876
142 0.004558349649874266 0.020384547835860255
143 0.004531564063607975 0.02014135906015166
144 0.004505445699737313 0.01989985916008664
145 0.004480022841729756 0.019599960974460023
146 0.004455386267865734 0.01940804635943233
147 0.004431497729808042 0.019154136466540454
148 0.004408130610865256 0.01896493753227001
149 0.004385074598547661 0.01875008647617952
150 0.004362735248405953 0.018602326997934227
151 0.004340576165175068 0.018439589466905725
152 0.004318630263674164 0.018356015543445278
153 0.004297384577092694 0.0182174872559341
154 0.004276604282834513 0.01809987534607463
155 0.0042563455623260684 0.01798428637350452
156 0.004236610685595961 0.01790411755973888
157 0.004217793933472155 0.01784763611757978
158 0.00419955237668388 0.017765430961475027
159 0.00418095126272496 0.0172624273567624
160 0.0041633339288554075 0.017779355056490576
161 0.004143935895354475 0.01709729037440502
162 0.004125753652734563 0.0175053834350385
163 0.004107437433976321 0.017032508822962224
164 0.00408996973598185 0.017311585212064558
165 0.004072135159127311 0.0169119869133573
166 0.004055015437203437 0.017149132889075016
167 0.004037673054383991 0.016784676787033163
168 0.004021257784073119 0.017054995829859455
169 0.004004901252555105 0.016650439800637122
170 0.003988680053091158 0.01689679665948188
171 0.0039725111150753735 0.01653056449105126
172 0.003956367620308607 0.016702546798424426
173 0.0039400223203795446 0.016505335754240815
174 0.00392394127378592 0.016468754398862306
175 0.003908058278664243 0.01640115047099954
176 0.003892137716930752 0.01634133694238318
177 0.003876387575863751 0.016268591324941534
178 0.0038608447295719267 0.016199499527501708
179 0.003845266392182573 0.016146580760675888
180 0.003829485960998184 0.016107286480778978
181 0.003813737220982354 0.016053408426364775
182 0.0037978556694441283 0.016007543613218038
183 0.0037821627329218477 0.015927111080749116
184 0.003767122505505257 0.015849667653831823
185 0.0037523181367362293 0.01574451077022557
186 0.003738110324463077 0.01573297992161004
187 0.003725506463065804 0.015791517277957627
188 0.0037122240940485195 0.015523491555479895
189 0.0036969228171562737 0.015513352970285065
190 0.003683686119611474 0.015509946248355637
191 0.0036697753715053236 0.015350194279731116
192 0.003656329513194221 0.015342795663536789
193 0.003643183490042266 0.01528054308013621
194 0.003630260932656589 0.015232145830947216
195 0.0036174941616450257 0.015192653661664744
196 0.003604865164491289 0.01514059558634613
197 0.0035922401175611427 0.015069303543587454
198 0.0035797740104095035 0.01501893816176659
199 0.0035674766026725976 0.014942974713866217
200 0.0035554211950042484 0.014891052125012742
201 0.0035434725070096367 0.014814051494575667
202 0.003531826895231562 0.014853051523953883
203 0.0035214003517361975 0.014589430455530628
204 0.0035088090919991244 0.014653451430869024
205 0.003499007939564225 0.014656199880213366
206 0.003487795015053 0.014361230041934065
207 0.003474183989447024 0.014589263856039151
208 0.0034626389104173263 0.014287096605028686
209 0.0034514612076494873 0.014323005895699034
210 0.0034405087374051314 0.014184253208602317
211 0.003429562256686837 0.01418042981627844
212 0.0034188595457652292 0.014057211233848274
213 0.003408175080709374 0.01405583263488864
214 0.003397612598416109 0.013957142288769831