1 1.1279002583376134 0.5048051093745641
2 1.112800618198812 0.4951120609482721
3 1.1049577976132445 0.49143449590949134
4 1.0981520431208414 0.49226329967874394
5 1.0910880791528124 0.49344984943631237
6 1.083833528520394 0.4977277166242354
7 1.0762857578382683 0.4991528472051227
8 1.0692568366587865 0.5206881209304625
9 1.0622510174946735 0.5101481835049132
10 1.0539579893145672 0.513625888191002
11 1.047139875684238 0.5179978992583646
12 1.0414550176388515 0.4992036024667405
13 1.0343179675875733 0.510250750933612
14 1.0259486723653708 0.5393242648839508
15 1.0193879955523295 0.5393240583727381
16 1.0118022542333047 0.561778522381879
17 1.0055924608484312 0.5395992884940929
18 0.9989963734274706 0.5696207546979157
19 0.9923665176537081 0.5978534374353537
20 0.986528543351764 0.6191638244785475
21 0.9800622522731909 0.5701308387315811
22 0.977215610486556 0.6326742223208823
23 0.9685945236868237 0.6390609494857009
24 0.9630172156381935 0.615796356031901
25 0.9583354580786874 0.6584202757901279
26 0.9532123896796634 0.6774886212542838
27 0.9486113896271358 0.6932127995886476
28 0.9443134946520457 0.6400823585553084
29 0.9402059334809463 0.6607883124392298
30 0.9362015124658759 0.6634176855844722
31 0.9326204705945639 0.6743833433058869
32 0.9286718677501006 0.7041988358077195
33 0.9247920464657009 0.7022921523613976
34 0.9218693207971765 0.6779925959946471
35 0.9171877888968634 0.7168760671626767
36 0.9145477017806523 0.7603371294819019
37 0.9118812074455326 0.7000253163579567
38 0.9075676596359186 0.6678673795890469
39 0.9061746284199719 0.6121959327023474
40 0.9028868230777771 0.6602031651393755
41 0.9005901365186033 0.7015506666931168
42 0.8975820429018827 0.6889765395853205
43 0.8946886660697391 0.6908302035262037
44 0.8934931673296915 0.759522785444917
45 0.8906176593375883 0.7478637403575022
46 0.888332213854543 0.7445179190097536
47 0.8862357588654629 0.7306663535954728
48 0.8841216469551925 0.7193689195077076
49 0.8823633379787024 0.7007353902365939
50 0.8810819519267861 0.6800917490757421
51 0.879816806664554 0.6852330089584938
52 0.8785131193653702 0.714657007129312
53 0.8783069773503716 0.6884894083282269
54 0.8772436167869428 0.7184156381616078
55 0.8738545027668754 0.7211254056642772
56 0.8724447612207925 0.6988824786688201
57 0.8717742636671705 0.7316621745419235
58 0.8696019696739274 0.6737744692023013
59 0.8687094717859013 0.7135120932222228
60 0.8689152229218741 0.7476090714542377
61 0.8658955637235481 0.6892602592653438
62 0.8636630325619177 0.6823023782517643
63 0.8631724303990074 0.6816783138003855
64 0.8630487187344138 0.7263752897621562
65 0.8601786550820298 0.6778087783014011
66 0.8588947169037509 0.7270679093579752
67 0.8561630735221456 0.7276763339206319
68 0.8544325982206384 0.7029669876452052
69 0.8528058547761846 0.7117364994357408
70 0.8512380518025914 0.6990359905941972
71 0.8495645242458479 0.6456601348554921
72 0.8485513372427274 0.6785206813691724
73 0.8464947239261813 0.6571026583669561
74 0.8446263587471295 0.6710886578878836
75 0.8430948332029576 0.7464226124915644
76 0.8405535409366242 0.7388919873503796
77 0.839252649673152 0.7318877804047571
78 0.8369319225409045 0.7386951101742226
79 0.8356368598808745 0.6879856743937643
80 0.8348042293514509 0.70721552500699
81 0.8335866716454533 0.7180571913975623
82 0.8342123040547467 0.7085377604821662
83 0.8318692115860983 0.6899722909411328
84 0.8307920151892488 0.6915375431001753
85 0.8282704963323557 0.6981225501231751
86 0.8274147335090938 0.7051781522463535
87 0.8261683458057748 0.6814518498494472
88 0.826023748048169 0.6889506335338915
89 0.8236995033033636 0.6854731874052213
90 0.822421477956371 0.6942256963837908
91 0.8224312347566577 0.709107234341991
92 0.8203343049779409 0.681097765933561
93 0.8187156516863937 0.7121925838977319
94 0.8168740481353008 0.6772563341553789
95 0.8162957773399536 0.72175827093123
96 0.8142358832016001 0.6597523148446244
97 0.8138818993666541 0.6719901387542407
98 0.8117626000803998 0.6677430280927932
99 0.8105155213996215 0.6810863646667512
100 0.8108820555880054 0.6899427649375961
101 0.8088253020765906 0.6935419470879064
102 0.8081811014791536 0.6827669951868689
103 0.8070543755307096 0.6816501673382188
104 0.8088278316358842 0.6650653819807787
105 0.8049692900056005 0.6652821413639185
106 0.8043390468139808 0.6637022439024367
107 0.8047796598181673 0.6635399019639865
108 0.8025125973354166 0.6463797603238995
109 0.8016272964834592 0.6460160912410957
110 0.8008028923163809 0.6538768032478189
111 0.7997468676789831 0.6598664541071337
112 0.8013199747365091 0.6594133295707404
113 0.7985007990797423 0.6718822204128903
114 0.7963934519900556 0.66458657339375
115 0.7954652512445933 0.6606875460135676
116 0.7932218036390187 0.6373358924203342
117 0.7916430211980708 0.6175620486721299
118 0.789924088488225 0.6420541871975128
119 0.7880523429523585 0.6472677671459643
120 0.7867702152451076 0.6375623110365441
121 0.7872357735228328 0.6382569422967436
122 0.7847227947097211 0.6265042124172662
123 0.7842700572231215 0.6545958508197866
124 0.7821879836571322 0.6455874479921866
125 0.7808952355004428 0.6262968729141466
126 0.7799662529084407 0.6381566940279485
127 0.7793260481245583 0.6598419474510403
128 0.7782303857886461 0.6402074028478129
129 0.7763120477335539 0.6477542119726035
130 0.775951265703158 0.6485268928203871
131 0.7747095219999451 0.6556400530632893
132 0.7739763211874291 0.6432655251386904
133 0.771834201369448 0.6331109666000089
134 0.7706515022530968 0.6376713682077874
135 0.7685904571426448 0.6412249469526887
136 0.7679880694520888 0.6424392951433485
137 0.7676905513908412 0.6190702964404209
138 0.7659617644787403 0.6540121896083657
139 0.7657585104039896 0.629557522728617
140 0.7628069678048607 0.6321966019587175
141 0.763196509852404 0.6232329632889413
142 0.7609865785111272 0.6252078716892371
143 0.7604312894473048 0.6220376616913597
144 0.7597565369147692 0.6366481477619464
145 0.7573528103160736 0.6468116983588632
146 0.7564648147579125 0.643933330515047
147 0.75521411435634 0.6476431461586464
148 0.7545288045333065 0.6421619857381542
149 0.7539133206688089 0.64918001774853
150 0.7528063298210296 0.6469486303868991
151 0.7541231059087379 0.640320485649138
152 0.7510700165886296 0.634467944852375
153 0.7502331713231479 0.6296542418063158
154 0.7496672102867815 0.642603702968572
155 0.7501498132338361 0.6125832452509338
156 0.7491313399265461 0.6341637022677381
157 0.747624609464879 0.6116966186149332
158 0.7468123683554766 0.622219283287539
159 0.7468690061998722 0.6277102094565372
160 0.7450162644175208 0.6156476708364016
161 0.7446019110082928 0.6318044894935724
162 0.744015221863687 0.6288857377263157
163 0.7430541538830495 0.625077790582549
164 0.7427802041982846 0.6159580779682634
165 0.7424712558462212 0.6337742110754113
166 0.7410948259271185 0.6157214499214672
167 0.7409277625705861 0.6206067429290175
168 0.7395904853239914 0.6211320597338991
169 0.7391984110606946 0.6169215075132449
170 0.7383199930089887 0.6195861532063006
171 0.7379485938993886 0.6249000356443225
172 0.7373319856486577 0.6231254789774701
173 0.736409621187438 0.6196440400382708
174 0.7356609518857213 0.6312840808477168
175 0.7352046657684594 0.6209754728302482
176 0.7347282808753585 0.6259860120878062
177 0.7343225241835125 0.6199775170554096
178 0.7342491268124058 0.6302407849128533
179 0.7336135752005464 0.6354177990685603
180 0.7324605460884915 0.6314218751210746
181 0.7316136889393435 0.6309201122311471
182 0.7310074961355606 0.6442849777319294
183 0.7308856790206173 0.6517592102040591
184 0.7301972121448459 0.6421466765350784
185 0.7286483344053353 0.6240013902023553
186 0.727777826111946 0.6190775721579487
187 0.7272309367154868 0.628185504656462
188 0.7263364708385767 0.604326622231687
189 0.7252293050819241 0.5975378824166515
190 0.7237469355108267 0.6045226408061637
191 0.7230182320891491 0.6025320840087912
192 0.7220269025500562 0.6062327994061284
193 0.7217914620486576 0.5972002380891634
194 0.7201651500229437 0.6110806474487541
195 0.7196388503495503 0.6062083914617165
196 0.7189683963201046 0.6184505598133896
197 0.7184915601619161 0.6005614229906235
198 0.7174296244134976 0.5857920491810992
199 0.7161693529141805 0.5925937103082597
200 0.7159964867105776 0.5850568020116531