1 0.6831156252677167 0.9779183159031425
2 0.555203726359723 0.7838778644433722
3 0.4484908595621858 0.6156209587203605
4 0.366246566777668 0.4908231597634926
5 0.3079633391507407 0.40751508206675097
6 0.2663614799063714 0.34394209375289847
7 0.23493381604571378 0.29793947918484776
8 0.2095152722736087 0.26419865303862755
9 0.1951145142018027 0.24560969840502736
10 0.18215926483781636 0.23033356727926232
11 0.17254964985551183 0.217348708313323
12 0.1650596004567255 0.20860721122326323
13 0.1607276068357812 0.20187908606937235
14 0.1570525100240602 0.20220023932810263
15 0.15439253645670023 0.19419297907030697
16 0.15194899276145582 0.19563390091392938
17 0.15048449960455623 0.19846495568911468
18 0.14903407894127527 0.188920928634417
19 0.14701523664392568 0.18245316099461195
20 0.14611332754645015 0.18086562337921835
21 0.14448169845946524 0.18425296247091255
22 0.1435938383462224 0.19013428190623927
23 0.1425968703815492 0.19280947909156798
24 0.14135415791128747 0.1814295484074776
25 0.14140322386658485 0.18428976537073694
26 0.139487015615565 0.18749729795013906
27 0.13836945765954511 0.16958194424439998
28 0.1371704467784981 0.18247398213514043
29 0.1377752265965583 0.18333989947021154
30 0.13648157249196224 0.1883975607066094
31 0.13536285164907733 0.18060660202451786
32 0.1348485312456846 0.17354985778655216
33 0.1350961665992472 0.18264315283206317
34 0.13426026753751885 0.17748127768737024
35 0.13422220408716198 0.18225565654055542
36 0.13362813001245802 0.1850210441911657
37 0.13306498198179392 0.17564446546277335
38 0.13286087624824724 0.18062647965943587
39 0.13309303610773487 0.18113821825836732
40 0.1333057793314604 0.18249970710144656
41 0.1329656807511311 0.1786981150203743
42 0.1328096385975993 0.17156048131312615
43 0.13353934676425872 0.16843766342807187
44 0.13207478131672695 0.17268562495424405
45 0.13173426237879973 0.17461632467708155
46 0.13115796202240712 0.1771193650579031
47 0.1320077099430276 0.16723777563166162
48 0.13190974145753456 0.17987823103717282
49 0.1307028989124331 0.1740215337530184
50 0.1312871955860901 0.186262929504456
51 0.1307525095204702 0.17639702234518845
52 0.13108744021495572 0.17083647872056498
53 0.130994975286169 0.18112583235446728
54 0.13090535595489403 0.17458174399661672
55 0.13152594788801705 0.1682924082243256
56 0.13304556590084501 0.1839979318448395
57 0.1318124565767266 0.1734623585863309
58 0.13134481320409144 0.1693802810938667
59 0.13163600559476676 0.17399777530081734
60 0.1314942152874976 0.1669812083517209
61 0.13250132133883918 0.17697700419943652
62 0.13214161164472868 0.17108027048199517
63 0.13305601326813027 0.17584504070793838
64 0.13305407979983613 0.17947371153907324
65 0.1317203795951945 0.17352220706892435
66 0.13202745417209666 0.1709259731694235
67 0.1322091000692572 0.17298336999863456
68 0.1336767873131935 0.17306202662475675
69 0.1315639973465839 0.17345428071152702
70 0.1319814413123718 0.17704654150686797
71 0.13154901616062709 0.16909973152228291
72 0.1322515431616504 0.1768371712422276
73 0.13197336729267703 0.17652533486874497
74 0.13308600825751837 0.18380002935791967
75 0.13273502818809366 0.17538416479304403
76 0.13356947461501983 0.1772117088239233
77 0.13363466001165777 0.19529571585973482
78 0.1321522275928997 0.187099161107694
79 0.13141267057573414 0.18475534333773108
80 0.13099487364916843 0.1690901463107231
81 0.13173132097514867 0.16760471676526545
82 0.13305175330874586 0.16826312204294075
83 0.1324338743899601 0.17479565996374852
84 0.13284603444835197 0.1798367922714216
85 0.1346731161619455 0.17661346033693473
86 0.13140417262329868 0.17692126688299473
87 0.13107813734522225 0.17002611544158827
88 0.1317622472933017 0.164549988165489
89 0.1321986866405798 0.16536947102585967
90 0.132056701542394 0.17243220513582436
91 0.1359720965312662 0.1813467470136859
92 0.13059474816910704 0.16767185548372743
93 0.13173036725329296 0.17914117868734863
94 0.1302987354971185 0.17256393610133564
95 0.13084233626600877 0.17263733680826082
96 0.1307462604456879 0.16911114576715908
97 0.13107196584457875 0.16994542881969624
98 0.13215098807444808 0.17487321383194465
99 0.13361684632643422 0.16888917059447064
100 0.13308570451522367 0.17353867163814807
101 0.1336005284155043 0.16955988001319822
102 0.13361505374688248 0.16828952311279494
103 0.1343689605110633 0.17599865086728775
104 0.13345005706071822 0.17560294806994486
105 0.13311657351828063 0.17310818732110442
106 0.1334211602539784 0.171369327374995
107 0.1353624540740355 0.17302806365858278
108 0.13248695683310574 0.16995198328812286
109 0.13378183279113806 0.17443767011266026
110 0.13247244468735228 0.17639410807349196
111 0.1330906298572846 0.16729795517402465
112 0.13441878182212583 0.1672736346120466
113 0.13392953743735722 0.17124315523380482
114 0.1341483078857072 0.17049405186443914
115 0.13432684267189096 0.17000026867195087
116 0.13436496724719973 0.16888702696498623
117 0.13549376701550472 0.17070197758581
118 0.13482639158284737 0.17282971554302767
119 0.13416555509051753 0.17784012248873474
120 0.1330365966029847 0.17587172856884284
121 0.13365343200735225 0.17545388946248816
122 0.13371714259173503 0.17249324290483123
123 0.13387878484994944 0.1759701475940448
124 0.13425992883793472 0.16818707540989858
125 0.13598969972843708 0.1711793958467036
126 0.1348510864172044 0.17188583617429734
127 0.13496279546882514 0.1742900936932822
128 0.1350901882895612 0.17438957370021332
129 0.13570369988048323 0.17075941073389705
130 0.13633757633651067 0.17397818931266523
131 0.13630365179468912 0.17653328899230297
132 0.13701119784931307 0.1719138129021221
133 0.13659105275162395 0.17279117711278377
134 0.13738530474053948 0.17888366633523858
135 0.13723049450423744 0.17523146015515348
136 0.13650876910809617 0.17812049115144657
137 0.1382541073158295 0.1812344242024087
138 0.13741775477177476 0.17401903870599686
139 0.13726210750250914 0.17812053878763118
140 0.13763150475479566 0.17705550785619606
141 0.13726823229731822 0.18159273327182893
142 0.13713438615233722 0.18331677952316525
143 0.13811802248542235 0.1760270402546364
144 0.13755062659835784 0.18712058646589982
145 0.13758485692754527 0.17732348947685136
146 0.13788196242310885 0.17438409482467726
147 0.1379610114631192 0.170690517541807
148 0.13861279986517341 0.176676286985892
149 0.13884374802565042 0.17560497849146012
150 0.13919238818446947 0.1763683715331388
151 0.14026489406135226 0.18381267884863964
152 0.1390263996102748 0.1772339526726983
153 0.13899737230484296 0.1794091345393896
154 0.1386944909385436 0.1754908652856613
155 0.13973548582065784 0.18251316948319296
156 0.13892657984722107 0.17948293096487367
157 0.13907220638478873 0.1733481537616101
158 0.1394512669874607 0.18166678624348698
159 0.13990056081113939 0.1797327140966893
160 0.14026492617034017 0.18143691189361108
161 0.13920500768239216 0.1765309288963991
162 0.1405161274564709 0.1846525625994102
163 0.14058388141976966 0.1792209383671159
164 0.14328324911601437 0.1900584235640733
165 0.14133861400022968 0.1796856330800661
166 0.14178645242938925 0.17762498983210354
167 0.14232559581605214 0.1808650469629208
168 0.14296171271972868 0.1870427011889796
169 0.14203488535283926 0.1780139935280527
170 0.14375533869576157 0.18544966741669527
171 0.14099934450573903 0.1799222325292823
172 0.1411144678681035 0.1837171996917353
173 0.14178682288736436 0.1848029336137212
174 0.14127792556439991 0.18237494964699455
175 0.141845872992745 0.181086966291666
176 0.14223557600459083 0.1840953986905248
177 0.14231042504234037 0.18347339136292254
178 0.14381763226579622 0.18082044703737354
179 0.14494563416458653 0.18646139503142867
180 0.14363573513346684 0.181237024827231
181 0.14423893473947733 0.19214735536901914
182 0.1429087134601325 0.1850155934629238
183 0.14339992812337643 0.1891712223392146
184 0.1431450284072962 0.18333813272352562
185 0.1434974826063365 0.18712902602621825
186 0.14388434748272028 0.18765718340593465
187 0.14420663861607583 0.1852625048164214
188 0.14311339780969592 0.19138900278703458
189 0.144476453884413 0.20003511595381832
190 0.14211233393469494 0.18844047318457444
191 0.14243392030207047 0.18356873581456976
192 0.14321540027929616 0.1884523246694288
193 0.14254046055320804 0.1783726559986801
194 0.14206804366028725 0.17898121877024611
195 0.14301295952618967 0.18671854000338473
196 0.1420444125103142 0.17733838978599914
197 0.14172011912766766 0.18536165521472056
198 0.14300213650584523 0.17899232682855762
199 0.14244913745415844 0.17895064232864813
200 0.14310845024320323 0.18466999026863123