1 0.7707157567162319 1.0791393917673682
2 0.6390768024465024 0.9232027825914831
3 0.5086928058626031 0.7172687475777157
4 0.41795799559729324 0.56257137378077
5 0.34947158106305304 0.46029557627996487
6 0.2950392449177506 0.38701765459509696
7 0.25071374230303783 0.32925965915598543
8 0.21928287266612342 0.2902235843428163
9 0.19764729294009162 0.26377574539893067
10 0.18256998483666215 0.2463351317986377
11 0.17246133200998126 0.23436530828104718
12 0.16520472574481013 0.2253608722222529
13 0.15995155506542397 0.21859359597856196
14 0.15591877736424134 0.2133349423254355
15 0.15266505446812323 0.20928594472214496
16 0.14994728366930732 0.2061214066557145
17 0.14754287532618782 0.2031089859893025
18 0.14547354737323218 0.20056795902177568
19 0.1436891711382654 0.19841288484792968
20 0.1421160648002003 0.19646744036484806
21 0.14070285304371583 0.19487925418661373
22 0.13935609835585586 0.1934176212327479
23 0.13813324908444222 0.1925394160209932
24 0.13708441121318565 0.1910521464008373
25 0.13610577532895052 0.18995239490039686
26 0.13514367076012546 0.18853520449090624
27 0.13423636938844627 0.18761785894947428
28 0.13337979921672274 0.18656423668598224
29 0.1326036448739302 0.18548718472435283
30 0.13185265899193926 0.18437390351243338
31 0.13115814009770627 0.1836025183863144
32 0.13051070225501657 0.18249348092487166
33 0.12989965216382177 0.18166394505483613
34 0.12936423004774414 0.18067338856056553
35 0.1288172825998469 0.1800995058370865
36 0.12831336968889653 0.1794242708913099
37 0.12783713255341836 0.17852338287339986
38 0.12740117412307614 0.17747875457495338
39 0.1270049748531244 0.1769835977674064
40 0.12662555784933488 0.17678300889528054
41 0.12625672597951587 0.17667714267189347
42 0.12591716412480575 0.17642034986618918
43 0.12559839313374224 0.1759769945236012
44 0.12528267453541872 0.17550185158941256
45 0.12497826740708706 0.17481497927414294
46 0.12465662676833521 0.17483796604821678
47 0.12435442942020586 0.1750966990535941
48 0.1240706412921424 0.17482619902795551
49 0.12378137226771624 0.17463900014203104
50 0.12350024043855969 0.17424443266886416
51 0.123241127763822 0.17398839759308865
52 0.12299326105356204 0.17389599329502023
53 0.12275562716575546 0.17335040901851467
54 0.12251669565699624 0.17333282444051967
55 0.12229055592327644 0.17313790453688743
56 0.12209164396811568 0.17282947641474203
57 0.12190396761812085 0.17267381085829825
58 0.12173455664634336 0.1725398601026287
59 0.12156677730819544 0.17246185500892247
60 0.12139577305044852 0.17238889506622018
61 0.12122950220602569 0.17216852122453113
62 0.12106860103465925 0.1715792641863458
63 0.12088557099738036 0.171684299539224
64 0.1207355091367996 0.17118524366078608
65 0.12058895589735019 0.17145393661224553
66 0.12044233320880894 0.17097972797315428
67 0.12031588765727477 0.17094429710800418
68 0.12019285768357622 0.17065411011191295
69 0.12007083955334659 0.17054528965541496
70 0.1199685501138754 0.1705503667265268
71 0.11985071058450426 0.17031828296769155
72 0.11974856175476081 0.17035867690139703
73 0.11964932036968857 0.1697244260406766
74 0.11954678645116365 0.16952030313614436
75 0.11944471865889215 0.16973443369376923
76 0.11934636097431624 0.16945096884546787
77 0.11925235382697018 0.1692472681467615
78 0.11914205873155177 0.16911575140616664
79 0.11904347726248375 0.16890887528465542
80 0.11894817235897995 0.1690661150503121
81 0.1188654356762221 0.16846530187497089
82 0.11878013853547693 0.1686257997568316
83 0.11870642624980636 0.16801710090225283
84 0.11862057252027033 0.16791478257543552
85 0.11853764351746747 0.16842146722981274
86 0.11846466560430094 0.16773337996873994
87 0.11838477756009323 0.16768358184128335
88 0.11831059554886614 0.16769150832140467
89 0.11823540423558764 0.16806364406093627
90 0.11815539783590714 0.1674259953244561
91 0.11807793744742412 0.1674565990464248
92 0.11798670251412316 0.16749049911400782
93 0.11791764368351353 0.1672106086217409
94 0.11784777935454836 0.1674803360027181
95 0.11777633597635154 0.16691441244420685
96 0.11770153235915529 0.16721652357255842
97 0.11763477846758134 0.16601570529299806
98 0.11756656874242048 0.1667121169958253
99 0.11750812498142275 0.1662682653966156
100 0.11745010104573372 0.16661917280296823
101 0.11739702529851577 0.16653063645871471
102 0.11734265617687471 0.16652630110366823
103 0.11728109694605472 0.16636516675327426
104 0.11721878630115508 0.16633773435823498
105 0.11716949115757379 0.1661361952411774
106 0.11710000026393916 0.16610110572188477
107 0.1170377794083701 0.16643887540857183
108 0.11694591554191854 0.1666768645973934
109 0.11682718871380232 0.16592186009852758
110 0.11672375304660447 0.166257152790652
111 0.11661992651894033 0.16600167399316906
112 0.11650144081996436 0.1655443429925428
113 0.11640247110691689 0.16545011074127164
114 0.11630263276956215 0.16526365796455078
115 0.11623115241025875 0.1651257718941553
116 0.11615274944995028 0.164900085133561
117 0.11607242661188875 0.16464990802519017
118 0.11600700651675118 0.164418863297284
119 0.11594281564743324 0.16429497742470142
120 0.1158885110243891 0.16432724861807588
121 0.1158387878864725 0.1635441372530343
122 0.11579060806914748 0.1629493310591345
123 0.11574338353211418 0.16301987751156127
124 0.11570107051798095 0.16306113562789873
125 0.11566099193267841 0.16268099353532334
126 0.11560976506379451 0.16256837328655108
127 0.11557265947902311 0.16235246241468979
128 0.11552743984937142 0.1625312769061777
129 0.11549958328201204 0.16209250445268036
130 0.1154537951348708 0.16200770091898586
131 0.115423957212423 0.1621334414337049
132 0.11536236867920915 0.16168556884437862
133 0.115330474311642 0.16169316596643837
134 0.11528735461583231 0.1618073654307911
135 0.115257940409569 0.16146424174782661
136 0.11522327343702393 0.16148249943818813
137 0.11518604547532699 0.16137466909924258
138 0.11516396345122193 0.1611638497772317
139 0.11512682371546062 0.16137931282635903
140 0.11504124523838932 0.1611553607799133
141 0.11493424957335825 0.16117405161719378
142 0.11487671401127116 0.16113810284853242
143 0.1148217052623312 0.16034405144701
144 0.11476692822172505 0.16007453502027663
145 0.11471831511108992 0.16017287371629985
146 0.11467384516196222 0.15990908459053021
147 0.11462966957440215 0.1602990840458288
148 0.11459652635844594 0.15954643508666252
149 0.1145538592430557 0.15932282499618003
150 0.11450888569875556 0.15992098292898962
151 0.11447643676803881 0.15956316625235445
152 0.11444738474964071 0.15930198003419038
153 0.1144223400275411 0.15905773888956753
154 0.11439945992268802 0.15874436472727985
155 0.11436219620023166 0.15905294758224978
156 0.11433575825507071 0.15875050585071376
157 0.11430948446569619 0.158696245308361
158 0.11427807125538082 0.15818681390468783
159 0.11426031743081032 0.15811103984509126
160 0.11423368997662224 0.1582574834979589
161 0.11421358016362132 0.15820923888818836
162 0.11419560932308638 0.1582017449710728
163 0.11416516467754165 0.15742542291016728
164 0.11412977950483227 0.1577367366650541
165 0.11411116471478584 0.15736157146981838
166 0.11408457631979885 0.1575434306090448
167 0.11406012518946633 0.15717600777409071
168 0.11402375560605026 0.15749578153514954
169 0.11400075804421579 0.15709546468453972
170 0.1139700515707785 0.15711428647055325
171 0.11393972137266978 0.1567824034632403
172 0.11391344810946774 0.1563871717874185
173 0.11389150304824282 0.15636458274634515
174 0.11386228641413551 0.15615491153529476
175 0.11383683028845501 0.1561179090601866
176 0.11382661798154876 0.15592837387971914