1 1.2204030965823593 0.8947259126029359
2 0.9619275462449783 0.6213919495936677
3 0.7903422905399405 0.5007570382959662
4 0.6545598522876105 0.4503820131134562
5 0.5392884486088675 0.4109945901404856
6 0.4419516624534489 0.3722232043397791
7 0.36116452862381626 0.34142618302222194
8 0.29534555051625383 0.31375058988241433
9 0.2420119828825246 0.29164690876600563
10 0.19888307251958487 0.27337636155403716
11 0.16440829280848046 0.25821875810624567
12 0.137433272663176 0.2461614502280411
13 0.11678918722092636 0.2369261524767478
14 0.10127397609072145 0.22945845396957487
15 0.08970101409398522 0.22301800103344324
16 0.08102421771612996 0.21712740780735512
17 0.07438321032845611 0.21145582530672385
18 0.06913314043805865 0.20557876237153835
19 0.06482522185912731 0.19960184432892628
20 0.06115758513789469 0.19342302478176923
21 0.05794640460817154 0.18710829128696366
22 0.055089238352557225 0.18068267631621227
23 0.052538993684619686 0.1743043631375487
24 0.05024601939499104 0.16793261544223245
25 0.04816055873761916 0.16177484402116887
26 0.04626308089658407 0.1557976242778219
27 0.04454347913230044 0.1500238446067258
28 0.042991036698182356 0.14446553929937536
29 0.041578078771759085 0.13900569160455142
30 0.04028469340796823 0.13372613820582221
31 0.03909075682283187 0.12863935423829168
32 0.03797851610732353 0.12375872429968966
33 0.03693556121475008 0.11908260927119167
34 0.03595565955371835 0.11471034444408486
35 0.03502707517143984 0.11060296110530479
36 0.03413957681062121 0.10670730942768787
37 0.03328799462640294 0.1030362606947672
38 0.03247493168125814 0.09957143824183752
39 0.03169500621975481 0.09629289144223235
40 0.03094679609065898 0.09316486198270786
41 0.030240219252147264 0.09025268449583189
42 0.029569360908949252 0.08749410309646977
43 0.028927082721889628 0.08488002519075344
44 0.028311474393371783 0.08241837875462071
45 0.02772481782747306 0.08009605610117598
46 0.02716030981806653 0.07788524905598422
47 0.026615847313895966 0.07581528830954583
48 0.026090771284563895 0.07390106800123294
49 0.025585053338118644 0.07207891053193333
50 0.025099575702836066 0.07037442209861813
51 0.02463158274144514 0.06875827417047314
52 0.02418203890431725 0.06720600858546978
53 0.02374857478083539 0.06571809208914452
54 0.02333022720351073 0.06430726832781526
55 0.022927616998828053 0.06300593856151074
56 0.022539853394869108 0.06174578903403447
57 0.022164633130506452 0.06052354945964378
58 0.021800408982831785 0.05933063710245177
59 0.02144662850335841 0.058214864545105736
60 0.021102031577480952 0.05714334587247375
61 0.020767247974757427 0.05614477787360146
62 0.020441678234603324 0.05517673522348212
63 0.020124107802725156 0.05421788212733032
64 0.019815028830830833 0.053310402066236516
65 0.019513730722548122 0.05243129391078377
66 0.019218674878918655 0.051598085370604285
67 0.018930913081861924 0.05079436494819156
68 0.01864976739391437 0.050007488665246465
69 0.018374778601491518 0.04924241191706311
70 0.018105772666814825 0.04849892855796768
71 0.017842672831872602 0.047781503392655335
72 0.017585397439458878 0.04707953286502979
73 0.017334244509623738 0.04641371576854014
74 0.017089590117226546 0.04577068104881352
75 0.016849993382995834 0.04513635887463728
76 0.01661532507735119 0.04451916186254015
77 0.01638691318809713 0.04391858397438955
78 0.01616408250358857 0.043350718935256945
79 0.01594655240176181 0.042825382966810134
80 0.01573437060076021 0.04228188573350987
81 0.015527945751950782 0.04174447724320016
82 0.01532596528425171 0.04122662909832189
83 0.015129125322881602 0.0406992149744231
84 0.014937128254146347 0.04019459504771298
85 0.014750911560161097 0.039683661783006544
86 0.014569289986451598 0.03922119561146779
87 0.014392844138164463 0.03876791011965876
88 0.014220642801778614 0.03831354667631211
89 0.014052304099652696 0.037884447023584275
90 0.013888432086566488 0.03745378836724173
91 0.013729707778570742 0.037035481486960814
92 0.013575566591621997 0.03661238427968781
93 0.013425702404018929 0.0362016614827322
94 0.013278954123746233 0.035792451691194216
95 0.01313546887510161 0.035372065557604304
96 0.012996036430817768 0.03496177582992766
97 0.012860854095515654 0.034569725436668
98 0.012729575452771959 0.03418456300325653
99 0.012602128355080962 0.033807329521299063
100 0.012478502873464869 0.03344194939584532
101 0.012358369948709256 0.03307144565753386
102 0.012241444163449246 0.03270621430341446
103 0.012127476103998924 0.03234610959307829
104 0.01201602794152161 0.0320080771410855
105 0.011906998499486678 0.0316815071341543
106 0.011800048894048096 0.03136942509771134
107 0.01169525971354406 0.0310714812991811
108 0.01159242468622712 0.030780764716311266
109 0.011491618700082855 0.03049211701200116
110 0.011392920371575969 0.03019477633770496
111 0.011296442695768297 0.029899257606039932
112 0.011201482879663134 0.02961458849147701
113 0.011106742354192164 0.02936887853605679
114 0.01101348200179609 0.029154401457078965
115 0.01092159792847612 0.028929828341986017
116 0.010827339544525735 0.028711491330195005
117 0.010731471223966164 0.028524611119294312
118 0.01063475553733094 0.028363650244677144
119 0.010537657395583142 0.028219445073229328
120 0.010440125409915506 0.028065319783929524
121 0.010341723188627612 0.027891296278116942
122 0.010242748374172567 0.027739449221173544
123 0.010144370467542829 0.027556395742051366
124 0.01004593185004258 0.02735864190882733
125 0.009945892049193456 0.027194351082017662
126 0.009847499834716165 0.027050793365967538
127 0.009747904208359985 0.02687590369049367
128 0.009643822205094498 0.0266884145571747
129 0.009540080646259328 0.026493182517034676
130 0.009436191226967696 0.026287707369137932
131 0.009334205406371615 0.026058371302380454
132 0.009233655223613507 0.025830712686087706
133 0.009138848404050723 0.02564926145975572
134 0.009046437085667667 0.025428794394298303
135 0.008954729621866334 0.025199540038726268
136 0.00885906794781196 0.02498425753543719
137 0.008759736007226496 0.024797924470329528
138 0.008656150632608398 0.02460675471477655
139 0.008548244296597176 0.024418362203304806
140 0.008440068326811071 0.02424562663170203
141 0.008330657215456075 0.024053616884711675
142 0.008223197051192585 0.023859235697462525
143 0.008112955698907362 0.023682224449632923
144 0.008005095001624885 0.023543496761886454
145 0.007898003427517498 0.02339299112861002
146 0.007795462078772657 0.023231687017912162
147 0.0076960156572170235 0.023072205447856455
148 0.007599551953748408 0.022891153292598904
149 0.00750648477062405 0.022716245845580196
150 0.007419089468495769 0.022539523097589203
151 0.007335527542447342 0.02233907932768518
152 0.007254839560857194 0.022168557857894094
153 0.007178381471866173 0.021982598873568605
154 0.007105138658867402 0.021776937341219552
155 0.007034209156742655 0.021576036473208826
156 0.006965163812628371 0.021390024075635155
157 0.006897955880215721 0.021200284544491542
158 0.006832237058215588 0.02102414217549101
159 0.00676811442662804 0.020834955529436098
160 0.006705123144551461 0.020662061891179164
161 0.006642983056283506 0.02049641256477579
162 0.006582771071956606 0.020320615473855375
163 0.006524760998867711 0.02019256628761949
164 0.00646793517325217 0.02002551035595869
165 0.006412182648622024 0.019872033424601
166 0.0063575372021278135 0.019709248888345424
167 0.006303953459067373 0.019548728452163402
168 0.006250928335996752 0.01941022531811237
169 0.006198681437304297 0.019275324666493725
170 0.00614735077412969 0.019142780321914642
171 0.0060964020370540125 0.018997418572561823
172 0.006046256664375073 0.01886950503888797
173 0.0059968577263323775 0.018726623373171717
174 0.0059479412179828895 0.01859258358463217
175 0.005899127663474807 0.0184602475166463
176 0.0058506475910958915 0.01834481684067938
177 0.005803090265979457 0.018205371496397504
178 0.005756270352835059 0.01808043713727782
179 0.005709878899340157 0.01796615227224264
180 0.0056639583875690135 0.017837502738697362
181 0.005618570182271379 0.017717915585886052
182 0.005572825513206838 0.017619157162327273
183 0.005527034604726501 0.017525028807060927
184 0.005481366502453364 0.01741233250797083
185 0.005435228957087811 0.01730824724895613
186 0.005388966196253708 0.01720241616465531
187 0.005342957185076537 0.01712458036835442
188 0.005298186082317637 0.01701877329439895
189 0.005254128036379436 0.01691958327035588
190 0.0052103235487975606 0.0168222665651047
191 0.005167051205097205 0.016722292100792215
192 0.005124034791563678 0.016615840582882388
193 0.005081087138954111 0.016499012018161268
194 0.005038866630874911 0.016400290655128363
195 0.004997823087175414 0.016300292179946448
196 0.0049578964337132206 0.016198567656729057
197 0.004917818238610817 0.016092500927903906
198 0.004877561268596321 0.015975777261430665
199 0.004837151095516898 0.015825722896406647
200 0.0047966894297734024 0.015676150012804924
201 0.004756313142876196 0.01552849891486969
202 0.004716344938204168 0.015382800329791706
203 0.004677177980539281 0.015245786962172428
204 0.004638383137238493 0.015110071146052615
205 0.004599846284473344 0.014974211844928528
206 0.0045622895587993815 0.014847758952777703
207 0.0045254823082150715 0.014718627446243129
208 0.00448893963731765 0.014612382614581903
209 0.004452127353710634 0.014500321459810723
210 0.004415360238518242 0.014378773590438852
211 0.0043789208564942155 0.014244533458696432
212 0.004342658028212556 0.01410845185248523
213 0.0043069513137223075 0.013995856894013762
214 0.00427175387685174 0.013869441794253578
215 0.004237117623862712 0.01373678206159505
216 0.004202867053805143 0.0136093597783922
217 0.004168821409501056 0.013478623096953477
218 0.004134962520419171 0.013357385849300074
219 0.004101556812276745 0.013232985134847193
220 0.004068678287612351 0.013124623559639533
221 0.00403598771949897 0.013016883486634913
222 0.004003847757399039 0.012920910551582109