1 0.8316056885937377 0.9856947546340997
2 0.7005274480819984 0.8587578221973
3 0.5862343675146212 0.7353109382399163
4 0.5005686408407521 0.6404774453328963
5 0.4313342611488343 0.5680222575459235
6 0.37395121884616317 0.5119241797271337
7 0.32785687029454885 0.47014906709138155
8 0.292701597778701 0.4400518288625704
9 0.2672374093121975 0.4195698053382054
10 0.2493063850881426 0.4056376082928633
11 0.23667433014609954 0.39682103370791905
12 0.22717778726749835 0.3928267325008369
13 0.2198664440388429 0.3910149115838185
14 0.21370201189766924 0.3918301938451144
15 0.20832116954580449 0.39128142077076
16 0.20347233428380143 0.39011647729945903
17 0.19883041615302252 0.38561937705225036
18 0.194552712045971 0.3803538396190476
19 0.19053679241596425 0.3746624762861479
20 0.18669719868788465 0.3670597392851483
21 0.18298965459918964 0.3598932648191447
22 0.17952548836750304 0.35124612651969
23 0.17631898233404378 0.34334268106441207
24 0.1732464323919045 0.335230903038869
25 0.1702411830707031 0.32805041810260266
26 0.1675781398134273 0.3200036052913176
27 0.1651113101941875 0.31343125694616886
28 0.16284049890077132 0.30664023394370443
29 0.16074543633014987 0.29984608169239413
30 0.15879816628834342 0.2938984005626352
31 0.1569178597419632 0.2877204660307621
32 0.15525905091653708 0.28234023042936696
33 0.1536775062111379 0.2776451156467359
34 0.15226061282825268 0.2730343924872506
35 0.1508814805147031 0.26840187132295995
36 0.14958875117428622 0.2642839093329093
37 0.1483611946780186 0.2604626768409308
38 0.14723761293592894 0.2558908961244593
39 0.14609430039517168 0.2511066719618075
40 0.145014699748604 0.2464798220723742
41 0.14399624176000939 0.24123191344037312
42 0.14307141454934622 0.23551483801962939
43 0.14212355755963857 0.23139164406238863
44 0.14119476366582312 0.226030754026334
45 0.1403007345379311 0.2208235233808165
46 0.1394005801407223 0.21694649569672256
47 0.13859064168584634 0.21206509265595574
48 0.13775690508064287 0.2085874560820064
49 0.13702458441345813 0.20514087444628862
50 0.1363600972708131 0.20179834551371434
51 0.1355818448762079 0.19911319574394987
52 0.1349517772924005 0.1966470105516229
53 0.13428609293109592 0.19439508084638837
54 0.1336146850712379 0.19236438738487088
55 0.13299400482441556 0.19022644453375434
56 0.13236112610507067 0.18801488678558037
57 0.13175529808816056 0.18616820782049018
58 0.13125352512043897 0.18446006034163653
59 0.13078151121501172 0.18275171040603863
60 0.13022098567202994 0.1813439239195491
61 0.12978438076867627 0.18014019562186762
62 0.12926890176360117 0.1786975474973762
63 0.1287947367354102 0.1775218089496903
64 0.12841475148784467 0.17647512754975936
65 0.12798836137099304 0.1755999700727816
66 0.12759305409444707 0.1742753323322227
67 0.12717292253488455 0.1734609563891822
68 0.12675402658681809 0.17262706240003015
69 0.12642486280795845 0.17192558119721407
70 0.12609369679055016 0.17160976781759726
71 0.12568751423076444 0.17129406974397438
72 0.1252867083027509 0.1702848715882698
73 0.12484507865596112 0.16980023910720315
74 0.12451395690170612 0.1697025948819706
75 0.12418099392595004 0.1690631874679324
76 0.1238833475066865 0.16852541127591666
77 0.12351972228874143 0.16802577274208147
78 0.12317683964565623 0.16770669108293376
79 0.12282431567403958 0.16711585133383913
80 0.12247307361017172 0.16684244136677173
81 0.12218288405938942 0.16666666323588758
82 0.12189873844712859 0.1660103003412524
83 0.12159643694334346 0.16517175921911686
84 0.12135143434093952 0.1650746001818476
85 0.12111717519829203 0.16490007344449345
86 0.12080440757874597 0.1647559435485668
87 0.12052984431032283 0.16435532395395072
88 0.12025204906884913 0.16364249714885773
89 0.12003565461017467 0.16380257522357636
90 0.11972043098608538 0.16273889363797234
91 0.11945606826030539 0.1627274344217891
92 0.11917735470191083 0.16163874059148386
93 0.1189621516107286 0.1618949172397744
94 0.11877936648582506 0.16132052416557902
95 0.11858305258259447 0.1606813232879647
96 0.11830348431507111 0.16027005249214954
97 0.11809859013534353 0.16050279137875015
98 0.11788793540955496 0.16055265721332726
99 0.11763786944282599 0.1598101031407274
100 0.11744074114829653 0.15946365352723804
101 0.11727211972571455 0.1593262835084146
102 0.11709047428368274 0.15944721337594941
103 0.11689129593548292 0.15884976273790902
104 0.1167539559119161 0.15891299044488644
105 0.11649598499072326 0.15761506763461683
106 0.11635298354643199 0.15808921397698347
107 0.1162094966363446 0.1588104823049986
108 0.11601621201408964 0.15857562791286706
109 0.11585556281574363 0.15850130309324847
110 0.11570473029021609 0.15846997315501615
111 0.11545845474427795 0.15756507975158912
112 0.1153192639668358 0.15721975478937675
113 0.11519991155404069 0.15783459416438395
114 0.11506721066754333 0.15795878325860263
115 0.1149343614366364 0.15871510870142952
116 0.11478043903751259 0.15774514145872431
117 0.11460436567257831 0.1577018287280133
118 0.11447448882212152 0.15765387366563827
119 0.1143327309374328 0.15763293401183395
120 0.1142023114999117 0.15741404142433277
121 0.11405551399998717 0.15688621227966149
122 0.11394274545687473 0.15737326364643467
123 0.11384100581872829 0.15728841806900956
124 0.11371635801718231 0.1573981388237671
125 0.11359553104921448 0.15812689964467896
126 0.11348300320106952 0.15793908023731362
127 0.11336612104701208 0.1575053762158172
128 0.11324538384760449 0.15693867456394572
129 0.113153082605463 0.15819831782062843
130 0.11299522837754207 0.1578547927225734
131 0.11289824693531147 0.15775883536561058
132 0.11279584377889332 0.15736267313139773
133 0.11270893887814436 0.15762725655535592
134 0.1126006376705274 0.15743644272824794
135 0.112493161285525 0.15772381195754984
136 0.11235503198946792 0.15748833494545592
137 0.11225431651073323 0.15740009646505176
138 0.11216065087315075 0.15808802812280912
139 0.11207206471932663 0.15784226359400397
140 0.11195831715102249 0.15739471079388154
141 0.11185825577374803 0.15686520430386797
142 0.1117753515921205 0.1575025141741875
143 0.11171002941343533 0.15854313567842052
144 0.1116012027906179 0.158662920646734
145 0.11151535923990745 0.15823168664138196
146 0.11139145411431207 0.15752502717079844
147 0.11132444731850609 0.15709772576863495
148 0.11125844822901831 0.15752208112840366
149 0.11118128197769778 0.1575075357425761
150 0.11109389181569496 0.1583300399952001
151 0.1110067090600705 0.1576046343372158
152 0.11090902366414924 0.15748520162431473
153 0.11082418427218131 0.15704943751449857
154 0.11076723694718905 0.15749798892515166
155 0.11068572861533672 0.15782704199048708
156 0.11062086062569672 0.15828968310708488
157 0.11052462782340546 0.1576523729081746
158 0.11046412602012401 0.15724299822277266
159 0.11040868355396292 0.15768151189902738
160 0.11035143387098625 0.15758469262033173
161 0.11027749481019368 0.15673350173198947
162 0.11021865388819548 0.15720378781296157
163 0.11016238763211268 0.15733077249801386
164 0.1100827481855411 0.15789972294075055
165 0.11003355503256748 0.15729591306151447
166 0.11000595542554288 0.15715666974009568
167 0.10995737073326929 0.15703964819469038
168 0.1099006884781616 0.15781433892486552
169 0.10985961028357093 0.1577716217615003
170 0.10978832853543796 0.15718256040966816
171 0.10971773694638938 0.15723174895834596
172 0.10965340093169594 0.1570509124080633
173 0.10958917602822449 0.15665538489112668
174 0.1095320751599886 0.1570977082993051
175 0.10948434211176407 0.15754798327344105
176 0.10939556465128396 0.15676539491090324
177 0.10934920329267428 0.1571420569824499
178 0.10928636929896711 0.15730871928051393
179 0.10924235666926896 0.15677096230768933
180 0.10919367546088075 0.15641681175053387
181 0.10915492461781862 0.15595814895539287
182 0.10910673456099196 0.15689795274307172
183 0.10906731835064772 0.15671521558559834
184 0.10903859261215311 0.15674107373057566
185 0.10900652467131994 0.15721898528115466
186 0.10896768242906864 0.15674409712343432
187 0.10891705107620721 0.1571260749993554
188 0.10887899762185727 0.15778668216657274
189 0.10883111871763379 0.15721054847772648
190 0.10876012539291158 0.1572004378586456
191 0.10870255332850325 0.1567088024138969
192 0.10865444451085918 0.15685809780483537
193 0.10861975555328218 0.1564367110220795
194 0.10858963968660479 0.15662342570242646
195 0.10853664582511469 0.15585701032369484
196 0.10848861430347584 0.1556172176313087
197 0.10846754013211177 0.1567395405322442
198 0.10841060541237067 0.1571085506507821
199 0.1083830976524546 0.15642845336061267
200 0.10833950534558559 0.15623404383728795