1 0.9227874213000045 1.0490998722265261
2 0.8942120713370874 1.0258968365551056
3 0.8629375920563241 1.0044438751916978
4 0.8251079476216557 0.9820282592193922
5 0.7801037118876348 0.9480317862690747
6 0.7271274361892494 0.9017815020249937
7 0.6677330636139691 0.8475669449304287
8 0.6044687833037073 0.786283219750197
9 0.540288556229423 0.7216123900115234
10 0.4787542705203537 0.6561360427715069
11 0.4181875626689553 0.5887865026735342
12 0.3583492957421198 0.5192344391674654
13 0.30369359372469057 0.453443144278805
14 0.2573861929962595 0.39502673061119487
15 0.22067213864917948 0.35038121622706286
16 0.19477827321396607 0.31337364569033604
17 0.17875025077985185 0.291749431986578
18 0.16885636690194558 0.27825509197799425
19 0.16207204212610912 0.26850195167788077
20 0.15716136443620826 0.26154510308311174
21 0.1532045692364342 0.2549615117260174
22 0.149860292007764 0.249557424164701
23 0.1469883172174087 0.24483152805561934
24 0.14444067544754152 0.24096772588218235
25 0.14219439707971224 0.2367703248209286
26 0.14017089441660352 0.23306866686487065
27 0.13830113492740784 0.22926215489977045
28 0.13656870368063076 0.22590446113603532
29 0.13501486407183122 0.22292847387433204
30 0.1335654042885079 0.2203082400822243
31 0.13218478897394786 0.2181222230902795
32 0.13085724161502618 0.216802171657918
33 0.12960375005362854 0.215212405158318
34 0.12847734022650625 0.2129440614073286
35 0.12743073011856496 0.21069603874535545
36 0.12646371600742082 0.20875491275147876
37 0.1255591289312882 0.20717886751723072
38 0.1247206539287468 0.20581181661189482
39 0.12395259829718241 0.2040370720531876
40 0.12324065512849738 0.2024258438565207
41 0.12256769652532377 0.2014979747507354
42 0.12195860554901809 0.19985526319750888
43 0.12138644832344908 0.19855996788290367
44 0.12085814804565932 0.19744868439017357
45 0.12036617073187196 0.19648374053298026
46 0.11991146129465073 0.19563530990108446
47 0.11948800783510467 0.19520435204463307
48 0.11908718584165653 0.1941817706135269
49 0.11871433721266846 0.1932366375019037
50 0.11836001735113931 0.1924929638320299
51 0.11802313163516563 0.19153265346570567
52 0.11770111945208493 0.19088439661678094
53 0.11739214755110773 0.19014742075012572
54 0.11709555116195025 0.1895211117004311
55 0.11680953992572188 0.18896776162217427
56 0.1165356666423406 0.1882959524056714
57 0.11626873592995843 0.18765019665692714
58 0.1160056216474664 0.18701281593023247
59 0.11575197114084707 0.18625571848555
60 0.11550822125961491 0.18546214176697787
61 0.11527169763798041 0.18472426110373505
62 0.11504318310092695 0.18403760380229556
63 0.11482579475353032 0.18335500182607212
64 0.11461356533756137 0.1827560573811275
65 0.11440691486182623 0.18213204767398034
66 0.11420611758829334 0.18153756251956507
67 0.11400934019574588 0.18103107181551226
68 0.11381450044728789 0.1802965857966775
69 0.11362041103643898 0.1794911813505471
70 0.11343123621988709 0.178941996099128
71 0.11324656776723982 0.17843812759390917
72 0.11306541906576047 0.17792621167220962
73 0.11288605360519045 0.17735026888303065
74 0.11270859186400925 0.17684300136000622
75 0.11253275286842122 0.17618216421357996
76 0.11235997205768561 0.17570294496241665
77 0.11218515533328478 0.17507001623129723
78 0.11200604266066622 0.17448486220088805
79 0.11182467067361027 0.17406970471867733
80 0.11164249886393128 0.1736546178097327
81 0.11145742946135088 0.17319694247018333
82 0.11126983976815966 0.17247082424272062
83 0.11107762269787198 0.17204987687228362
84 0.1108837665337195 0.1714656934531489
85 0.11069609858283902 0.17084101356298675
86 0.1105103257666512 0.17041473613673877
87 0.11032770129591708 0.16982445924051387
88 0.11013743371860402 0.1690802017027303
89 0.10993150223725194 0.16840907838301347
90 0.10967810332215658 0.1676174162108455
91 0.10943575437345858 0.16695397598969422
92 0.10922245717151359 0.16632406558788515
93 0.10903772877961655 0.16579799813597287
94 0.10886949175372707 0.1654995173134058
95 0.10871160476896909 0.16520068290728346
96 0.10856675284690422 0.16486700977601387
97 0.10842722620006758 0.16449069707106376
98 0.10829822018863199 0.16412513151933936
99 0.10817739811615631 0.1639624771891717
100 0.10806420118567704 0.1636773572921452
101 0.10795239183982115 0.16332500721625615
102 0.10784369947049675 0.1633083675400536
103 0.10773901135969108 0.16296856122452208
104 0.107636833014289 0.16294261764316925
105 0.10753938476734945 0.1628740315862074
106 0.10744496848722865 0.16282503404748958
107 0.10735516610344845 0.16268963706187894
108 0.10727131535334747 0.1623534064177876
109 0.10718174703970924 0.1620744591667452
110 0.10710041545897482 0.1620017944836729
111 0.1070265570391793 0.16191494250761584
112 0.10694971080841313 0.16152926329540956
113 0.10687505189887857 0.1614734504095938
114 0.10679440295763615 0.16117561619617699
115 0.10671467559750253 0.1610505304713177
116 0.10664334612215935 0.16074360679122676
117 0.1065502191417827 0.1603883878937477
118 0.10645082252081046 0.15993983840456488
119 0.106360149891011 0.15956326902585868
120 0.10626740630856249 0.15945525781269643
121 0.10617956093819042 0.15948176839219594
122 0.10609094082956484 0.1594547859881804
123 0.10599527325836203 0.15929953602559693
124 0.10588038989362324 0.1592710390787042
125 0.10576392798896936 0.15909060985260526
126 0.1056409556802885 0.1591042378267079
127 0.10553654936551524 0.1588757516957982
128 0.10543515923956617 0.1584751333057317
129 0.10534374826086776 0.15848827675922308
130 0.10526123648737619 0.15809862565264343
131 0.10518642936166803 0.15798066739100813
132 0.10511044836220657 0.15761229823537637
133 0.10502851536662718 0.15724609550933644
134 0.10494845246930816 0.1569486773634887
135 0.10486622989202345 0.1567810414712931
136 0.10479073147422324 0.1566672472793807
137 0.1047161022126929 0.15648624388085328
138 0.10463916714207554 0.15639268241794982
139 0.10456400152337776 0.15641062088197807
140 0.1044960656682005 0.1563811877997057
141 0.1044289297463094 0.15615669834410448
142 0.10436457150332133 0.15610201815435118
143 0.10430027994119961 0.15592983916627826
144 0.10423757728150815 0.15582755525272204
145 0.10417460818506642 0.15577493301735118
146 0.1041133534765942 0.15545615370997587
147 0.10404935175567892 0.15566179928018548
148 0.10398497617992378 0.15575907754875773
149 0.10391998271632585 0.1557255191783398
150 0.10385457257942311 0.15585409080612433
151 0.10379661248423366 0.15558378223072003
152 0.10373801900229883 0.15552922716472156
153 0.10368152228522722 0.15548389322425085
154 0.10362082757679718 0.15532205430515678
155 0.10356265072063618 0.15507932607137992
156 0.10350454684328994 0.15504627307667418
157 0.10344662693358499 0.154752666115642
158 0.10336731725186667 0.15475222015320692
159 0.10329619544394315 0.15446412955918615
160 0.10321723395052639 0.1542984003540432
161 0.10311279707986008 0.1536568917840474
162 0.10299774398801584 0.1533706247373135
163 0.10289831970941735 0.15306191248566503
164 0.10281439329110553 0.15276639929833077
165 0.10274274632251056 0.1525601906679909
166 0.10267188409647826 0.1525584965285919
167 0.1026061393537229 0.15242016039058182
168 0.10253640551452455 0.15159760801165376
169 0.10246953861055133 0.15170616631066544
170 0.1023994731343823 0.15120398738551866
171 0.10233134262138409 0.15080648879603548
172 0.10225538246960057 0.1502776150056541
173 0.10219404971823232 0.150051747473769
174 0.1021314914394227 0.1496227990111067
175 0.10207100424593658 0.14939404885890986
176 0.10201814882348235 0.1490500871832059
177 0.10196180679970827 0.14885564800313092
178 0.10190613957410083 0.14861702022788334
179 0.10185840216553636 0.14872597877751592
180 0.10180594508632226 0.14828649041921052
181 0.10175368466999024 0.1481467867913791
182 0.10170068992390394 0.14779602109029366
183 0.10165113220486477 0.1477142085900559
184 0.10160193114537605 0.1471144344677115
185 0.10154855660642664 0.14695783794764505
186 0.10149206136322693 0.1468389322993379
187 0.10144873567525661 0.14655392660624073
188 0.10140057333543706 0.14648632000063933
189 0.1013503332925408 0.14642438279651307
190 0.10129930740062532 0.14597448127192145
191 0.10125380900911535 0.14597050069748588
192 0.10120686129392074 0.14573348246854037
193 0.10116044745406863 0.1456834063347083
194 0.10111590890300164 0.1454582488921412
195 0.10107587709710748 0.14529684529067013
196 0.10103635445633942 0.14559497074167493
197 0.1009941105390612 0.14537588200564439
198 0.10095762220318104 0.1451658652970301
199 0.10092118326917128 0.1453267212690705
200 0.10088431962314591 0.14534657964472378
201 0.10084659728160693 0.14531772855064218
202 0.10081517254103656 0.14503551754185048
203 0.10078079909532028 0.14556095224073612
204 0.10074591180687013 0.14551094918328905
205 0.10071562900531579 0.1452960580030847
206 0.10068548216926207 0.14538921349125833
207 0.10065306307163556 0.1454355696604535
208 0.10062198811109016 0.14529065847129266
209 0.10059135591607378 0.14552445353745705
210 0.10056734071075453 0.1458136125073119
211 0.10053976262119457 0.14548394511091392
212 0.10051124846656187 0.1454187516755812
213 0.1004828097033899 0.1453564006344631
214 0.10045243014922621 0.1450386194559068
215 0.10042268061649486 0.145163818585796
216 0.10039458498843613 0.1450394866974398
217 0.10036407848821956 0.14517989844513593
218 0.10032638163430965 0.14518544629570476
219 0.10029372364213637 0.14517296124292695
220 0.10026145091123212 0.14482159971060576
221 0.10023181728979257 0.14484845563284512
222 0.10019798269946048 0.14515429126995988
223 0.10017206198718588 0.14492659485249373
224 0.10014615169250238 0.14520818063871674
225 0.10011431350389985 0.145167532992764
226 0.1000821290360644 0.14550430718668605
227 0.10005502475333293 0.14562817342810302
228 0.10002166306634973 0.14546299485233996
229 0.0999945449317396 0.14563858293037205
230 0.09996312178001264 0.1456029314891325
231 0.09993527527720526 0.14548933916610357
232 0.09991180669530222 0.14557129139791689
233 0.09988776787603133 0.14583354567227957
234 0.0998637665900172 0.14586643857985512
235 0.09983895313773461 0.14569363639927155
236 0.09981420523891701 0.1458400254716443
237 0.09979314362046292 0.14582015713401686
238 0.09976657838711737 0.1457999841127251
239 0.09975145058515093 0.14609172490619332
240 0.09972607483787915 0.14601956873276598
241 0.09971470230339101 0.14608005834835905
242 0.09969316261734902 0.14620146400199838
243 0.09967520221850927 0.14596423533158373
244 0.09965678064300892 0.1461134458091039
245 0.09964309486334878 0.1460168198652062
246 0.09962793816778952 0.14625565475734723
247 0.0996149503738934 0.14603569515538495
248 0.09959445392252714 0.1459443488199842
249 0.09957982556868712 0.14631706383062304
250 0.09955989439961842 0.14618896799914657
251 0.09954733750189682 0.14600948340979297
252 0.09953989477413834 0.14636501494380405
253 0.09951884208721494 0.1459125260563892
254 0.09949638939179069 0.14579915262240775
255 0.09947081036731617 0.14587987175062242
256 0.09945075588601152 0.1459813773607149
257 0.09941715783165836 0.145656758073645
258 0.09938098763177922 0.1453803585931032
259 0.09934636446121291 0.1455588849480667
260 0.09931013715193006 0.1453276881373084
261 0.09928010402739147 0.14541378973566801
262 0.09925041623457868 0.14523433880999095
263 0.09922078235545399 0.14520788273145951
264 0.09919593754379374 0.1454818015680665
265 0.09916860852575728 0.14504110080785726
266 0.09914248588970795 0.14514835599928355
267 0.0991216938803783 0.1455095866407002
268 0.09909270264513484 0.14504928353453947
269 0.099069958970465 0.14498131036557269
270 0.0990403458815463 0.14469316495979898
271 0.09901065513056165 0.14518677384407402
272 0.09897762529354671 0.14522179158315746
273 0.09894757727293692 0.1450708248931292
274 0.09891455782158458 0.14489880572401503
275 0.09887789651795428 0.14518472158658918
276 0.09883636488791082 0.1449832013396259
277 0.09880178208195316 0.14472142802972893
278 0.09876651104274554 0.14454891039474796
279 0.0987403702260147 0.144625817978487
280 0.09871117112938055 0.144685335057298
281 0.09868023034513004 0.14472110610645003
282 0.0986489827912208 0.14434143880045455
283 0.0986207618000946 0.14418635446912173
284 0.09859760232184485 0.14436820601932132
285 0.09857302580615189 0.14446504181369366
286 0.09853129665362569 0.14440619181174547
287 0.09849659128965167 0.14439623396486231
288 0.09844012810653954 0.14414172675337367
289 0.09838745868678397 0.1441191926741441
290 0.0983381045534525 0.14418989331505053
291 0.0982922198997541 0.1436913168215416
292 0.09825437053319162 0.14352580217096333
293 0.0982155401822603 0.14361607346343577
294 0.0981802876628189 0.14345295914630968
295 0.09813995051189423 0.14406520650213267
296 0.09809421160291276 0.14399984438082228
297 0.09804321091177491 0.14288438448868662
298 0.09798925665527274 0.14287309293174505
299 0.09794032081974621 0.14263929896489683
300 0.09788948155814972 0.14198227059770532
301 0.09782440791163216 0.1421648507534372
302 0.0977448479228947 0.14120700659427085
303 0.09762621466341594 0.14095887913965865
304 0.09753809884108146 0.14119722607343355
305 0.09746441032828877 0.14138738713049598
306 0.0973968346236513 0.14120106520455958
307 0.09733117404591084 0.1407111144560174
308 0.09727429935461213 0.14118791823223764
309 0.097220928174436 0.14056506198908303
310 0.09717278011682488 0.14107950957114843
311 0.09712589701724741 0.14086485822633898
312 0.09707616927808725 0.1414659197324954
313 0.0970289664005383 0.14126398972659948
314 0.09698476476301124 0.1411862632090454
315 0.09694127196249705 0.14146270612897918
316 0.09691106652795158 0.1414626007076666
317 0.0968701004092042 0.14140911215089746
318 0.0968381866848234 0.14116126941841406
319 0.09681026224919483 0.14078272205608944
320 0.09678360002391066 0.14106368895993557
321 0.09675014849968278 0.14079467017140038
322 0.09672517990483323 0.1410137792559244
323 0.09669995303784268 0.14134566030283224
324 0.09667336015812475 0.14089599661607186
325 0.09665005978042818 0.14060146475795135
326 0.09662322546449034 0.14131659885712272
327 0.09660545312294547 0.14143271745331853
328 0.09659241842860704 0.14146970310157353
329 0.09657447563653833 0.1414711990025152
330 0.09655501308488977 0.14135335662531243
331 0.09653146179314501 0.14149481386634485
332 0.09650938647125316 0.14171739902642658
333 0.09648950183453005 0.14161193876629197
334 0.09647146727922648 0.1412909579251907
335 0.09644778136646633 0.1414499527674492
336 0.09642431298851736 0.14156781534136798
337 0.0964017052453921 0.14152655807422543
338 0.09637719639834205 0.1414243032589138
339 0.09635897484015542 0.14095226876802303
340 0.09633114043614144 0.14108616004521105
341 0.09631124312071636 0.1413157460315105
342 0.09628837969983113 0.1415751196599971
343 0.0962675318363879 0.14126574910201048
344 0.09625153620649368 0.14108202549763824
345 0.09623404134772819 0.14073533648052686
346 0.0962095203725431 0.1407697367904429
347 0.09618712668964147 0.14053794521501972
348 0.0961647156064341 0.14031027629994258
349 0.09613312368688887 0.1404273108729522
350 0.09611321666275408 0.13997826889613962
351 0.0960960928606043 0.1402695552895509
352 0.09607782467931703 0.1400815083373136
353 0.09606298556157987 0.14016042408225046
354 0.09604257159288745 0.13999560525504035
355 0.0960283108007021 0.1400307311304035
356 0.09601426649684573 0.13993818334812982
357 0.09599870410523881 0.1397420765821606
358 0.09598505104867967 0.13944917047951244
359 0.09597079189725843 0.13977303927239654
360 0.09595013382403217 0.13961612560256853
361 0.09593469789753385 0.1394391554707758
362 0.09591746558159447 0.13975572541588757
363 0.09590669636792916 0.13990356335821658
364 0.09588621898714396 0.139811347929721
365 0.09586787605038044 0.1394204378411554
366 0.09585226504886943 0.13947529198527456
367 0.09583559397222285 0.13922268653032252
368 0.0958148135362161 0.13926328984880215
369 0.09579671747697285 0.13919487770539693
370 0.09578084916940803 0.1390275340195854
371 0.09576189815078771 0.13910583425554682
372 0.09574299961949435 0.1385935763164429
373 0.09568568361074996 0.13820441415603943
374 0.09564216309873165 0.13750481278401283
375 0.09557164867860993 0.13697429325948388
376 0.09550521189777032 0.1369829269762093
377 0.09544481869514052 0.13606260675265272
378 0.09540612373591505 0.13541910601620555
379 0.09538490875159984 0.1356879265157746
380 0.09535307966286946 0.1355106349303287
381 0.0953317685625108 0.1356696450022177
382 0.09530713102523872 0.1357128435953762
383 0.09528508203654304 0.1354551604201547
384 0.09525929016703219 0.13581241021603915
385 0.0952341816249007 0.13543359073749048
386 0.09521103055237302 0.1354000490838908
387 0.09519111101139828 0.13525738367438692
388 0.09516989343538797 0.13518739010356653
389 0.09514455311855727 0.13544927991758007
390 0.095127960445 0.1353079584025931
391 0.09511339774002421 0.1356950339171278
392 0.0951024063358758 0.1359340874911368
393 0.09506813577171501 0.13535943179858684
394 0.09504803669408517 0.1351493846726642
395 0.09501433971160529 0.1351660182959563
396 0.09499322891538203 0.1352765853109003
397 0.09497602172339835 0.134882535456786